Applications Graphics Acceleration Info:
Uptime: 552365546 Realtime: 599890624

** Graphics info for pid 26758 [com.paifa.ubikitouch] **

Stats since: 552361244687415ns
Total frames rendered: 418
Janky frames: 41 (9.81%)
Janky frames (legacy): 331 (79.19%)
50th percentile: 14ms
90th percentile: 22ms
95th percentile: 36ms
99th percentile: 46ms
Number Missed Vsync: 5
Number High input latency: 749
Number Slow UI thread: 41
Number Slow bitmap uploads: 0
Number Slow issue draw commands: 37
Number Frame deadline missed: 41
Number Frame deadline missed (legacy): 45
HISTOGRAM: 5ms=0 6ms=1 7ms=0 8ms=3 9ms=6 10ms=5 11ms=1 12ms=15 13ms=86 14ms=136 15ms=33 16ms=25 17ms=16 18ms=13 19ms=5 20ms=11 21ms=19 22ms=8 23ms=2 24ms=1 25ms=2 26ms=0 27ms=2 28ms=1 29ms=1 30ms=0 31ms=0 32ms=2 34ms=1 36ms=3 38ms=0 40ms=0 42ms=2 44ms=11 46ms=4 48ms=1 53ms=0 57ms=1 61ms=1 65ms=0 69ms=0 73ms=0 77ms=0 81ms=0 85ms=0 89ms=0 93ms=0 97ms=0 101ms=0 105ms=0 109ms=0 113ms=0 117ms=0 121ms=0 125ms=0 129ms=0 133ms=0 150ms=0 200ms=0 250ms=0 300ms=0 350ms=0 400ms=0 450ms=0 500ms=0 550ms=0 600ms=0 650ms=0 700ms=0 750ms=0 800ms=0 850ms=0 900ms=0 950ms=0 1000ms=0 1050ms=0 1100ms=0 1150ms=0 1200ms=0 1250ms=0 1300ms=0 1350ms=0 1400ms=0 1450ms=0 1500ms=0 1550ms=0 1600ms=0 1650ms=0 1700ms=0 1750ms=0 1800ms=0 1850ms=0 1900ms=0 1950ms=0 2000ms=0 2050ms=0 2100ms=0 2150ms=0 2200ms=0 2250ms=0 2300ms=0 2350ms=0 2400ms=0 2450ms=0 2500ms=0 2550ms=0 2600ms=0 2650ms=0 2700ms=0 2750ms=0 2800ms=0 2850ms=0 2900ms=0 2950ms=0 3000ms=0 3050ms=0 3100ms=0 3150ms=0 3200ms=0 3250ms=0 3300ms=0 3350ms=0 3400ms=0 3450ms=0 3500ms=0 3550ms=0 3600ms=0 3650ms=0 3700ms=0 3750ms=0 3800ms=0 3850ms=0 3900ms=0 3950ms=0 4000ms=0 4050ms=0 4100ms=0 4150ms=0 4200ms=0 4250ms=0 4300ms=0 4350ms=0 4400ms=0 4450ms=0 4500ms=0 4550ms=0 4600ms=0 4650ms=0 4700ms=0 4750ms=0 4800ms=0 4850ms=0 4900ms=0 4950ms=0
50th gpu percentile: 6ms
90th gpu percentile: 8ms
95th gpu percentile: 8ms
99th gpu percentile: 10ms
GPU HISTOGRAM: 1ms=0 2ms=0 3ms=21 4ms=45 5ms=58 6ms=140 7ms=103 8ms=39 9ms=6 10ms=4 11ms=1 12ms=1 13ms=0 14ms=0 15ms=0 16ms=0 17ms=0 18ms=0 19ms=0 20ms=0 21ms=0 22ms=0 23ms=0 24ms=0 25ms=0 4950ms=0

Pipeline=Skia (OpenGL)
Memory policy:
  Max surface area: 2592000
  Max resource usage: 373.25MB (x144)
  Background retention: 50% (altUiHidden = true)
  GPU Context timeout: 10
Contexts: 2 (stopped = 0)
CPU Caches:
  Glyph Cache: 470.08 KB (1 entry)
  Shadows: 4.97 KB (4 entries)
  Glyph Count: 93 
Total CPU memory usage:
  486453 bytes, 475.05 KB (0.00 bytes is purgeable)
GPU Caches:
  SW Path Mask:
    Texture: 87.61 KB (1 entry)
  Other:
    Other: 74.31 KB (1 entry)
    Buffer Object: 2.49 KB (4 entries)
    StencilAttachment: 14.00 MB (2 entries)
  Image:
    Texture: 433.82 KB (56 entries)
  Scratch:
    RenderTarget: 188.81 MB (548 entries)
    Buffer Object: 78.00 KB (2 entries)
    Texture: 22.91 MB (167 entries)
Total GPU memory usage:
  237384448 bytes, 226.39 MB (27.32 MB is purgeable)

Profile data in ms:

	com.paifa.ubikitouch/com.paifa.ubikitouch.app.MainActivity/android.view.ViewRootImpl@875f473 (visibility=0)
Window: com.paifa.ubikitouch/com.paifa.ubikitouch.app.MainActivity
Stats since: 552361244441478ns
Total frames rendered: 0
Janky frames: 0 (0.00%)
Janky frames (legacy): 0 (0.00%)
50th percentile: 4950ms
90th percentile: 4950ms
95th percentile: 4950ms
99th percentile: 4950ms
Number Missed Vsync: 0
Number High input latency: 0
Number Slow UI thread: 0
Number Slow bitmap uploads: 0
Number Slow issue draw commands: 0
Number Frame deadline missed: 0
Number Frame deadline missed (legacy): 0
HISTOGRAM: 5ms=0 6ms=0 7ms=0 8ms=0 9ms=0 10ms=0 11ms=0 12ms=0 13ms=0 14ms=0 15ms=0 16ms=0 17ms=0 18ms=0 19ms=0 20ms=0 21ms=0 22ms=0 23ms=0 24ms=0 25ms=0 26ms=0 27ms=0 28ms=0 29ms=0 30ms=0 31ms=0 32ms=0 34ms=0 36ms=0 38ms=0 40ms=0 42ms=0 44ms=0 46ms=0 48ms=0 53ms=0 57ms=0 61ms=0 65ms=0 69ms=0 73ms=0 77ms=0 81ms=0 85ms=0 89ms=0 93ms=0 97ms=0 101ms=0 105ms=0 109ms=0 113ms=0 117ms=0 121ms=0 125ms=0 129ms=0 133ms=0 150ms=0 200ms=0 250ms=0 300ms=0 350ms=0 400ms=0 450ms=0 500ms=0 550ms=0 600ms=0 650ms=0 700ms=0 750ms=0 800ms=0 850ms=0 900ms=0 950ms=0 1000ms=0 1050ms=0 1100ms=0 1150ms=0 1200ms=0 1250ms=0 1300ms=0 1350ms=0 1400ms=0 1450ms=0 1500ms=0 1550ms=0 1600ms=0 1650ms=0 1700ms=0 1750ms=0 1800ms=0 1850ms=0 1900ms=0 1950ms=0 2000ms=0 2050ms=0 2100ms=0 2150ms=0 2200ms=0 2250ms=0 2300ms=0 2350ms=0 2400ms=0 2450ms=0 2500ms=0 2550ms=0 2600ms=0 2650ms=0 2700ms=0 2750ms=0 2800ms=0 2850ms=0 2900ms=0 2950ms=0 3000ms=0 3050ms=0 3100ms=0 3150ms=0 3200ms=0 3250ms=0 3300ms=0 3350ms=0 3400ms=0 3450ms=0 3500ms=0 3550ms=0 3600ms=0 3650ms=0 3700ms=0 3750ms=0 3800ms=0 3850ms=0 3900ms=0 3950ms=0 4000ms=0 4050ms=0 4100ms=0 4150ms=0 4200ms=0 4250ms=0 4300ms=0 4350ms=0 4400ms=0 4450ms=0 4500ms=0 4550ms=0 4600ms=0 4650ms=0 4700ms=0 4750ms=0 4800ms=0 4850ms=0 4900ms=0 4950ms=0
50th gpu percentile: 4950ms
90th gpu percentile: 4950ms
95th gpu percentile: 4950ms
99th gpu percentile: 4950ms
GPU HISTOGRAM: 1ms=0 2ms=0 3ms=0 4ms=0 5ms=0 6ms=0 7ms=0 8ms=0 9ms=0 10ms=0 11ms=0 12ms=0 13ms=0 14ms=0 15ms=0 16ms=0 17ms=0 18ms=0 19ms=0 20ms=0 21ms=0 22ms=0 23ms=0 24ms=0 25ms=0 4950ms=0



---PROFILEDATA---
Flags,FrameTimelineVsyncId,IntendedVsync,Vsync,InputEventId,HandleInputStart,AnimationStart,PerformTraversalsStart,DrawStart,FrameDeadline,FrameInterval,FrameStartTime,SyncQueued,SyncStart,IssueDrawCommandsStart,SwapBuffers,FrameCompleted,DequeueBufferDuration,QueueBufferDuration,GpuCompleted,SwapBuffersCompleted,DisplayPresentTime,CommandSubmissionCompleted,
---PROFILEDATA---


	/android.view.ViewRootImpl@934d9ad (visibility=0)
Window: 
Stats since: 552361244687259ns
Total frames rendered: 418
Janky frames: 41 (9.81%)
Janky frames (legacy): 331 (79.19%)
50th percentile: 14ms
90th percentile: 22ms
95th percentile: 36ms
99th percentile: 46ms
Number Missed Vsync: 5
Number High input latency: 749
Number Slow UI thread: 41
Number Slow bitmap uploads: 0
Number Slow issue draw commands: 37
Number Frame deadline missed: 41
Number Frame deadline missed (legacy): 45
HISTOGRAM: 5ms=0 6ms=1 7ms=0 8ms=3 9ms=6 10ms=5 11ms=1 12ms=15 13ms=86 14ms=136 15ms=33 16ms=25 17ms=16 18ms=13 19ms=5 20ms=11 21ms=19 22ms=8 23ms=2 24ms=1 25ms=2 26ms=0 27ms=2 28ms=1 29ms=1 30ms=0 31ms=0 32ms=2 34ms=1 36ms=3 38ms=0 40ms=0 42ms=2 44ms=11 46ms=4 48ms=1 53ms=0 57ms=1 61ms=1 65ms=0 69ms=0 73ms=0 77ms=0 81ms=0 85ms=0 89ms=0 93ms=0 97ms=0 101ms=0 105ms=0 109ms=0 113ms=0 117ms=0 121ms=0 125ms=0 129ms=0 133ms=0 150ms=0 200ms=0 250ms=0 300ms=0 350ms=0 400ms=0 450ms=0 500ms=0 550ms=0 600ms=0 650ms=0 700ms=0 750ms=0 800ms=0 850ms=0 900ms=0 950ms=0 1000ms=0 1050ms=0 1100ms=0 1150ms=0 1200ms=0 1250ms=0 1300ms=0 1350ms=0 1400ms=0 1450ms=0 1500ms=0 1550ms=0 1600ms=0 1650ms=0 1700ms=0 1750ms=0 1800ms=0 1850ms=0 1900ms=0 1950ms=0 2000ms=0 2050ms=0 2100ms=0 2150ms=0 2200ms=0 2250ms=0 2300ms=0 2350ms=0 2400ms=0 2450ms=0 2500ms=0 2550ms=0 2600ms=0 2650ms=0 2700ms=0 2750ms=0 2800ms=0 2850ms=0 2900ms=0 2950ms=0 3000ms=0 3050ms=0 3100ms=0 3150ms=0 3200ms=0 3250ms=0 3300ms=0 3350ms=0 3400ms=0 3450ms=0 3500ms=0 3550ms=0 3600ms=0 3650ms=0 3700ms=0 3750ms=0 3800ms=0 3850ms=0 3900ms=0 3950ms=0 4000ms=0 4050ms=0 4100ms=0 4150ms=0 4200ms=0 4250ms=0 4300ms=0 4350ms=0 4400ms=0 4450ms=0 4500ms=0 4550ms=0 4600ms=0 4650ms=0 4700ms=0 4750ms=0 4800ms=0 4850ms=0 4900ms=0 4950ms=0
50th gpu percentile: 6ms
90th gpu percentile: 8ms
95th gpu percentile: 8ms
99th gpu percentile: 10ms
GPU HISTOGRAM: 1ms=0 2ms=0 3ms=21 4ms=45 5ms=58 6ms=140 7ms=103 8ms=39 9ms=6 10ms=4 11ms=1 12ms=1 13ms=0 14ms=0 15ms=0 16ms=0 17ms=0 18ms=0 19ms=0 20ms=0 21ms=0 22ms=0 23ms=0 24ms=0 25ms=0 4950ms=0



---PROFILEDATA---
Flags,FrameTimelineVsyncId,IntendedVsync,Vsync,InputEventId,HandleInputStart,AnimationStart,PerformTraversalsStart,DrawStart,FrameDeadline,FrameInterval,FrameStartTime,SyncQueued,SyncStart,IssueDrawCommandsStart,SwapBuffers,FrameCompleted,DequeueBufferDuration,QueueBufferDuration,GpuCompleted,SwapBuffersCompleted,DisplayPresentTime,CommandSubmissionCompleted,
0,21116412,552364346351099,552364346351099,-927904866,552364347808872,552364350499758,552364351491789,552364351694445,552364366320506,552364347465695,8259638,552364352630018,552364352722258,552364352910487,552364359222831,552364364221893,27239,240000,552364364221893,552364360669133,552364378663924,552364359222831,
0,21116427,552364354617319,552364354617319,-227591026,552364359131216,552364359213143,552364364367831,552364364569758,552364374580144,552364359050539,8259925,552364365317935,552364365435799,552364365664133,552364368600799,552364375262102,27448,300261,552364375262102,552364369172674,552364386827935,552364368600799,
0,21116436,552364371155931,552364371155931,0,552364371926997,552364371933560,552364407250956,552364407387362,552364391063760,552364371851424,8261836,552364413166997,552364413229185,552364413383768,552364416913977,552364420090331,35313,305990,552364420090331,552364417634081,552364436438143,552364416913977,
0,21116444,552364395948228,552364412473184,0,552364416881112,552364416884914,552364418643924,552364418757674,552364432393613,552364416610643,8262478,552364419169445,552364419229758,552364419343977,552364421342622,552364424090070,17865,153907,552364424090070,552364421701372,552364444684445,552364421342622,
0,21116451,552364420735662,552364420735662,0,552364421113716,552364421116477,552364421118820,552364421191581,552364440656091,552364421076529,8262478,552364421597935,552364421782518,552364421919758,552364424185383,552364427045331,22656,185364,552364427045331,552364424618039,552364452933924,552364424185383,
0,21116459,552364428998140,552364428998140,0,552364429902049,552364429909914,552364429913560,552364430107102,552364448918569,552364429830174,8262478,552364431163716,552364431260799,552364431503299,552364434953716,552364441922466,252500,262395,552364441922466,552364435525435,552364461223299,552364434953716,
0,21116467,552364437243628,552364437243628,-748829751,552364438696893,552364439840747,552364444138560,552364444307987,552364457181047,552364438638664,8261807,552364444926008,552364445026529,552364445269654,552364447828508,552364452259601,38125,201563,552364452259601,552364448327310,552364469451424,552364447828508,
0,21116482,552364445496936,552364445496936,-273219272,552364447103768,552364448581997,552364478804497,552364478955174,552364465442854,552364447045487,8261385,552364485176424,552364485249601,552364485450643,552364488447362,552364491611320,45260,219323,552364491611320,552364489065122,552364502585383,552364488447362,
0,21116497,552364453744062,552364478525844,-1019223187,552364486077206,552364486999393,552364490351581,552364490478351,552364506731912,552364485854341,8260594,552364490892518,552364490947883,552364491064393,552364492977466,552364499130487,18438,160729,552364499130487,552364493279966,552364510821424,552364492977466,
0,21116520,552364495028838,552364495028838,-291581095,552364495592883,552364496684914,552364497110487,552364497233039,552364514992506,552364495545279,8259636,552364497713195,552364497791997,552364498006216,552364500651060,552364507501476,27656,213333,552364507501476,552364501154914,552364519067674,552364500651060,
0,21116535,552364503286312,552364503286312,-1039932161,552364504363508,552364506015226,552364506575018,552364506752206,552364523252142,552364504307310,8259631,552364507389862,552364507507674,552364507835435,552364510447935,552364517887101,29270,303073,552364517887101,552364510997466,552364527322831,552364510447935,
0,21116550,552364511561333,552364511561333,-532358098,552364512532310,552364514608976,552364515370695,552364515671216,552364531511773,552364512457518,8260070,552364516767883,552364516876841,552364517102258,552364520146737,552364526118716,38125,350104,552364526118716,552364520864966,552364535589914,552364520146737,
0,21116565,552364519826327,552364519826327,-552803653,552364521521581,552364523210643,552364523738247,552364523965643,552364539771843,552364521389341,8260101,552364524672518,552364524746112,552364524914497,552364527585383,552364533042674,31719,330208,552364533042674,552364528169081,552364543868976,552364527585383,
0,21116580,552364528097146,552364528097146,-208338572,552364529032935,552364530845747,552364531502414,552364531731997,552364548031944,552364528966424,8260732,552364532688716,552364532791737,552364533033508,552364535845279,552364541708091,61979,304218,552364541708091,552364536525851,552364552090591,552364535845279,
0,21116595,552364536357864,552364536357864,-635850480,552364537267049,552364538762518,552364539327414,552364539486685,552364556292676,552364537180487,8260666,552364540150226,552364540253351,552364540488299,552364544118768,552364551139393,51614,360312,552364551139393,552364544810331,552364560399029,552364544118768,
0,21116610,552364544621355,552364544621355,-549757561,552364545400331,552364547267258,552364547895383,552364548163404,552364564553342,552364545330174,8260779,552364548953299,552364549051372,552364549252206,552364552109706,552364558040279,27083,241666,552364558040279,552364552608716,552364568761893,552364552109706,
0,21116625,552364552886875,552364552886875,-875317412,552364553738612,552364554986112,552364555461320,552364555703299,552364572814121,552364553670591,8260927,552364556372518,552364556447883,552364556709601,552364559838404,552364567499810,24323,491667,552364567499810,552364560743456,552364576886633,552364559838404,
0,21116640,552364561154131,552364561154131,-541734147,552364562072622,552364564484706,552364565246216,552364565446529,552364581075048,552364561989497,8261577,552364566254497,552364566334497,552364566508247,552364569271841,552364575014810,28281,390729,552364575014810,552364569940851,552364585143351,552364569271841,
0,21116655,552364569421468,552364569421468,-746039038,552364570303195,552364571884289,552364572406476,552364572569237,552364589336625,552364570233924,8261836,552364573220539,552364573300539,552364573531789,552364576467883,552364583969289,27395,284010,552364583969289,552364577024549,552364593410643,552364576467883,
0,21116670,552364577707958,552364577707958,-845396931,552364578616112,552364580662935,552364581209862,552364581384237,552364597598461,552364578542258,8262991,552364582198664,552364582291945,552364582486737,552364585500279,552364591406997,33177,296146,552364591406997,552364586066997,552364601665018,552364585500279,
0,21116685,552364585971557,552364585971557,-185386341,552364586958091,552364588497674,552364589006060,552364589173195,552364605861452,552364586894341,8263299,552364589803976,552364589924289,552364590297154,552364593933039,552364600659601,31458,581875,552364600659601,552364594885383,552364609982883,552364593933039,
0,21116700,552364594230541,552364594230541,-11941959,552364595420279,552364597414810,552364597981581,552364598144029,552364614124751,552364595318195,8263211,552364598821216,552364598929497,552364599116112,552364601781216,552364607358976,36093,282031,552364607358976,552364602306320,552364618180487,552364601781216,
0,21116715,552364602490445,552364602490445,-297814079,552364603355851,552364605063143,552364605642414,552364605821216,552364622387962,552364603284654,8263145,552364606625799,552364606715591,552364606909862,552364610530174,552364616556216,32760,314271,552364616556216,552364611171789,552364626497154,552364610530174,
0,21116730,552364610745850,552364610745850,-504286798,552364611664706,552364613766476,552364614387726,552364614579654,552364630651107,552364611569133,8262726,552364615354237,552364615453872,552364615684133,552364619332206,552364625052570,31042,509948,552364625052570,552364620257101,552364634709810,552364619332206,
0,21116745,552364619024829,552364619024829,-279377606,552364620365747,552364622204966,552364622853143,552364623038247,552364638913833,552364620249810,8263963,552364623881893,552364624063091,552364624367518,552364627187414,552364632732987,43958,265417,552364632732987,552364629939758,552364642994133,552364627187414,
0,21116760,552364627274731,552364627274731,-237742852,552364628970174,552364630786424,552364631346372,552364631519497,552364647177796,552364628874029,8263111,552364632246060,552364632329445,552364632499497,552364636298247,552364641729497,30000,215261,552364641729497,552364636821633,552364651224810,552364636298247,
0,21116775,552364635540992,552364635540992,-170944361,552364637293612,552364639220279,552364639905851,552364640208560,552364655440907,552364636964706,8263308,552364640951685,552364641054081,552364641260122,552364644495904,552364649693039,43125,257604,552364649693039,552364645107987,552364659481685,552364644495904,
0,21116790,552364643793670,552364643793670,-363642869,552364645675591,552364647667883,552364648273716,552364648438195,552364663704215,552364645480591,8262656,552364649114758,552364649206372,552364649389601,552364653056112,552364658767570,33750,217864,552364658767570,552364653563872,552364667750851,552364653056112,
0,21116805,552364652048228,552364652048228,-267976500,552364652805799,552364654475591,552364655059706,552364655245070,552364671966871,552364652739237,8262000,552364655978195,552364656142154,552364656467154,552364660106529,552364666772622,34948,288437,552364666772622,552364660666945,552364676266476,552364660106529,
0,21116820,552364660299026,552364660299026,-898747330,552364661244914,552364663041112,552364663623716,552364663820695,552364680228871,552364661174706,8261269,552364664568351,552364664659862,552364664858820,552364667481164,552364673823351,35729,237032,552364673823351,552364667972518,552364684300487,552364667481164,
0,21116835,552364668539924,552364668539924,-325349756,552364669348351,552364671015487,552364671585956,552364671753924,552364688490140,552364669261528,8259682,552364672503612,552364672591685,552364672802778,552364675405226,552364682190539,33385,252344,552364682190539,552364675931060,552364692555956,552364675405226,
0,21116850,552364676800128,552364676800128,-450176353,552364678026320,552364680285591,552364681257778,552364681447206,552364696749822,552364677942831,8259825,552364684660383,552364684761060,552364684993612,552364690090435,552364693066424,33073,270365,552364693066424,552364690800018,552364709074497,552364690090435,
0,21116865,552364685119212,552364685119212,-958028304,552364688200956,552364689874862,552364690601164,552364690786685,552364705009647,552364688116737,8263294,552364693657674,552364693738872,552364693914966,552364697783403,552364700749706,28646,222708,552364700749706,552364698460487,552364717308976,552364697783403,
0,21116888,552364709893014,552364709893014,0,552364715726268,552364715732153,552364716769914,552364716893872,552364721559680,552364715658247,8262412,552364719408351,552364719471841,552364719654966,552364723155435,552364726081633,34792,215625,552364726081633,552364723797883,552364742156008,552364723155435,
0,21116895,552364718146074,552364718146074,0,552364722824601,552364722831320,552364726048143,552364726198768,552364738084504,552364722755070,8261855,552364730448456,552364730516060,552364730723403,552364734088976,552364739494653,25990,232448,552364739494653,552364734732258,552364750408091,552364734088976,
0,21116902,552364726407929,552364726407929,0,552364731653924,552364731657101,552364732483664,552364732739028,552364754598305,552364731614758,8261855,552364734745174,552364734850851,552364735069601,552364739242101,552364743868872,25104,295208,552364743868872,552364739998039,552364758722622,552364739242101,
0,21116910,552364734669784,552364734669784,0,552364740600122,552364740604706,552364741555383,552364741722518,552364762860160,552364740536112,8261855,552364743706789,552364743769341,552364743916424,552364747187518,552364751642101,21042,164115,552364751642101,552364747709289,552364766966997,552364747187518,
0,21116918,552364742918015,552364742918015,0,552364746304445,552364746309081,552364746927206,552364747028820,552364771122015,552364746251997,8261204,552364748898143,552364749006893,552364749297258,552364752579081,552364757199393,35104,211146,552364757199393,552364753154497,552364775171008,552364752579081,
0,21116926,552364751179473,552364751179473,0,552364751945070,552364751952466,552364752817778,552364752948299,552364779383219,552364751871112,8261042,552364754779966,552364754830226,552364755028299,552364758211737,552364765009081,23281,214219,552364765009081,552364758773612,552364783434601,552364758211737,
0,21116934,552364759445004,552364759445004,0,552364760694601,552364760700851,552364761761737,552364762000487,552364787644261,552364760560747,8261305,552364764576164,552364764658560,552364764873872,552364770033872,552364775594653,29584,310520,552364775594653,552364770908820,552364791695695,552364770033872,
0,21116942,552364767739987,552364767739987,0,552364769134393,552364769141685,552364771044133,552364771340122,552364795905566,552364769026893,8263571,552364774684966,552364774806476,552364775017778,552364779102726,552364785865956,28281,232136,552364785865956,552364779889133,552364799976424,552364779102726,
0,21116950,552364776008008,552364776008008,0,552364776680539,552364776685956,552364780322049,552364780519185,552364804169137,552364776621685,8263795,552364786238039,552364786406945,552364786611216,552364790810174,552364797386424,36302,177344,552364797386424,552364791467310,552364808247622,552364790810174,
0,21116958,552364784259838,552364784259838,0,552364787783612,552364787788508,552364789230487,552364789430539,552364812432932,552364787704914,8263157,552364791614393,552364791678351,552364791854653,552364794770747,552364799591216,14479,2325834,552364799591216,552364797547831,552364816504185,552364794770747,
0,21116966,552364792513641,552364792513641,0,552364798801164,552364798805435,552364802568976,552364802704237,552364820696089,552364798730383,8262646,552364804355122,552364804442206,552364804643195,552364807456216,552364813236997,26458,217864,552364813236997,552364808169341,552364824709081,552364807456216,
0,21116974,552364800766860,552364809028925,-777507881,552364811440591,552364812607622,552364820743560,552364820878716,552364828958735,552364811078039,8262065,552364824293299,552364824353091,552364824496737,552364827263612,552364830130591,27708,267813,552364830130591,552364827946945,552364841254601,552364827263612,
0,21116997,552364817290989,552364825553035,-413253088,552364826468820,552364827405070,552364827896581,552364828114810,552364845481786,552364826247987,8262046,552364830044237,552364830132153,552364830284601,552364833077831,552364838083716,23542,233490,552364838083716,552364833589914,552364849488716,552364833077831,
0,21117019,552364833817688,552364833817688,-1052075272,552364834398560,552364835550331,552364839079133,552364839338143,552364853743832,552364834351424,8262273,552364841700174,552364841815435,552364842051164,552364845516112,552364848430747,34427,317396,552364848430747,552364846297726,552364866048508,552364845516112,
0,21117034,552364842063018,552364842063018,-905290166,552364845080903,552364846465851,552364849751737,552364849863247,552364862006105,552364845019810,8261302,552364850834549,552364850953143,552364851098924,552364853939914,552364856798403,22761,180416,552364856798403,552364854471581,552364874292049,552364853939914,
0,21117048,552364850316736,552364850316736,-594249811,552364852897206,552364853817935,552364854220747,552364854314289,552364870267407,552364852851060,8260849,552364856368456,552364856447101,552364856625487,552364859974393,552364865047570,29532,190260,552364865047570,552364860557153,552364882601164,552364859974393,
0,21117063,552364858577585,552364858577585,-73859240,552364859596216,552364861247466,552364861852414,552364862003664,552364878528256,552364859528560,8260849,552364864787987,552364864866685,552364865014393,552364868383456,552364875734758,29115,287552,552364875734758,552364869065539,552364890838768,552364868383456,
0,21117078,552364866820004,552364866820004,-573667363,552364867692726,552364869610278,552364870294549,552364870477362,552364886789105,552364867628508,8259711,552364873542935,552364873616216,552364873840643,552364877396320,552364881489758,53073,226041,552364881489758,552364878003716,552364899099185,552364877396320,
0,21117093,552364875071231,552364875071231,-719048793,552364875832466,552364877726685,552364878480383,552364878658716,552364895048816,552364875774914,8258954,552364881660903,552364881776789,552364882016633,552364886095903,552364892676997,34323,252865,552364892676997,552364886748091,552364907321372,552364886095903,
0,21117108,552364883318733,552364883318733,-442425814,552364887147830,552364889030539,552364891226789,552364891419341,552364903307770,552364887041320,8258019,552364893395435,552364893509966,552364893689185,552364897017726,552364901509237,28594,285886,552364901509237,552364897757466,552364915712466,552364897017726,
0,21117123,552364891617434,552364891617434,-487067590,552364894287830,552364895194810,552364900966633,552364901109705,552364911565789,552364894255122,8260998,552364902259185,552364902352726,552364902542883,552364905989549,552364912556685,28229,250989,552364912556685,552364906590539,552364923866945,552364905989549,
0,21117146,552364908136933,552364908136933,-59046604,552364908725955,552364910018508,552364912088976,552364912236737,552364928067094,552364908674862,8260728,552364913435278,552364913526372,552364913712570,552364917378664,552364922936372,32969,256770,552364922936372,552364918057049,552364932203560,552364917378664,
0,21117161,552364916386240,552364916386240,-474560835,552364917253768,552364919325799,552364920236945,552364920479497,552364936327822,552364917191268,8259997,552364921272987,552364921347935,552364921566112,552364925357778,552364930440955,30312,358541,552364930440955,552364926034445,552364940408299,552364925357778,
0,21117176,552364924660722,552364924660722,-65920136,552364925574133,552364927438612,552364927960799,552364928188976,552364944587819,552364925494445,8260426,552364928950070,552364929018195,552364929184133,552364931780643,552364937711841,26823,463958,552364937711841,552364932485591,552364948668299,552364931780643,
0,21117191,552364932919146,552364932919146,-1056368387,552364933826424,552364935532414,552364936125435,552364936297518,552364952848245,552364933756997,8260352,552364937011216,552364937109393,552364937362518,552364940683039,552364947748299,33854,257031,552364947748299,552364941222258,552364956932258,552364940683039,
0,21117206,552364941193773,552364941193773,-778452948,552364942126580,552364943952466,552364944544393,552364944705383,552364961108597,552364942065747,8261103,552364945310539,552364945402518,552364945682153,552364949590539,552364955196528,24792,417969,552364955196528,552364950332622,552364965157674,552364949590539,
0,21117221,552364949462300,552364949462300,-402349294,552364950562935,552364952434133,552364953089914,552364953308143,552364969369700,552364950479445,8261822,552364954090799,552364954179601,552364954369549,552364957949601,552364963906268,34531,334427,552364963906268,552364958673768,552364973482310,552364957949601,
0,21117236,552364957729377,552364957729377,-1070430543,552364958736268,552364960874133,552364961403924,552364961571841,552364977631522,552364958672987,8262395,552364962238716,552364962324080,552364962539966,552364966248560,552364972256060,32552,329844,552364972256060,552364966913195,552364981686268,552364966248560,
0,21117251,552364965989822,552364965989822,-40752974,552364966929497,552364968897153,552364969421997,552364969615539,552364985893917,552364966868768,8262298,552364970284237,552364970373508,552364970622205,552364975023976,552364980909497,30782,312031,552364980909497,552364975688976,552364989954705,552364975023976,
0,21117266,552364974242569,552364974242569,-690639109,552364975148195,552364977384758,552364978169028,552364978414810,552364994156215,552364975071737,8261789,552364979166685,552364979238820,552364979421633,552364982015435,552364987927674,27500,219062,552364987927674,552364982464601,552364998216476,552364982015435,
0,21117281,552364982509543,552364982509543,-93631249,552364983204914,552364984766164,552364985198455,552364985351893,552365002418004,552364983151528,8262062,552364985940591,552364986020643,552364986248664,552364989234028,552364996748560,25937,330678,552364996748560,552364989879445,552365006561424,552364989234028,
0,21117296,552364990766341,552364990766341,-976822738,552364991799966,552364994281528,552364995088195,552364995311164,552365010680066,552364991701268,8261883,552364996175330,552364996273560,552364996474133,552364999502883,552365005540539,33281,2334011,552365005540539,552365002238195,552365014746580,552364999502883,
0,21117311,552364999027135,552364999027135,-665409029,552365000929497,552365002500070,552365003106164,552365003293664,552365018941949,552365000852310,8262001,552365003931164,552365004123664,552365004372101,552365007282049,552365014023091,31041,338542,552365014023091,552365008058716,552365023019862,552365007282049,
0,21117326,552365007288276,552365007288276,-59357583,552365008481945,552365010530747,552365011156841,552365011371737,552365027203950,552365008403768,8262127,552365012152830,552365012246528,552365012451633,552365015288560,552365021109862,35885,263959,552365021109862,552365015822883,552365031292049,552365015288560,
0,21117341,552365015559509,552365015559509,-260753692,552365016362622,552365018020851,552365018488612,552365018646997,552365035466077,552365016292883,8262482,552365019250278,552365019326945,552365019551737,552365022896528,552365029964185,27448,368177,552365029964185,552365023563039,552365039581789,552365022896528,
0,21117356,552365023814954,552365023814954,-100301535,552365024868664,552365026607153,552365027196008,552365027368403,552365043728559,552365024804862,8262037,552365028074862,552365028168247,552365028418612,552365032279914,552365038156893,31719,364844,552365038156893,552365032941476,552365047785955,552365032279914,
0,21117371,552365032067960,552365032067960,-381965104,552365034489133,552365036484289,552365037132674,552365037332830,552365051990596,552365034412205,8261263,552365038562101,552365038664497,552365038856528,552365041995591,552365047182362,54635,317032,552365047182362,552365042709601,552365056130383,552365041995591,
0,21117386,552365040329435,552365040329435,-319806233,552365041775383,552365043395174,552365043822101,552365043984133,552365060251859,552365041720591,8261211,552365044695539,552365044784393,552365045037310,552365048661268,552365054706737,25364,468906,552365054706737,552365049605122,552365064342362,552365048661268,
0,21117401,552365048594570,552365048594570,-177333652,552365050814445,552365053052830,552365053586216,552365053772622,552365068513070,552365050599601,8261259,552365054484028,552365054576424,552365054842778,552365057617987,552365063172935,52240,248750,552365063172935,552365058156685,552365072620226,552365057617987,
0,21117416,552365056852338,552365056852338,-341865134,552365057479810,552365058934237,552365059428664,552365059571789,552365076774329,552365057430018,8261150,552365060164341,552365060239758,552365060471320,552365063654028,552365070636893,27187,326458,552365070636893,552365064352987,552365080824185,552365063654028,
0,21117431,552365065127259,552365065127259,-51284089,552365065983403,552365067515174,552365068116060,552365068266945,552365085035479,552365065925955,8261916,552365068880122,552365068968299,552365069254028,552365073588508,552365079310799,29062,354270,552365079310799,552365074387049,552365089067935,552365073588508,
0,21117446,552365073388730,552365073388730,-370859061,552365076656112,552365076730799,552365081179133,552365081376008,552365093297395,552365076574237,8261865,552365082059393,552365082160018,552365082345435,552365085116580,552365088732362,29375,243698,552365088732362,552365085708560,552365105611112,552365085116580,
0,21117454,552365081647490,552365081647490,0,552365083668247,552365083673716,552365115779914,552365115904705,552365101559260,552365083612414,8261407,552365121662987,552365121721580,552365121871685,552365124686789,552365127786580,30625,267969,552365127786580,552365125336893,552365138683768,552365124686789,
0,21117462,552365098174096,552365122960306,0,552365125321112,552365125325851,552365126945903,552365127068299,552365142882598,552365125042362,8262070,552365127514966,552365127577622,552365127703560,552365129779132,552365135267414,21459,199219,552365135267414,552365130165435,552365146951216,552365129779132,
0,21117470,552365131201053,552365131201053,0,552365131652830,552365131656945,552365131659393,552365131784393,552365151144668,552365131603820,8260967,552365132500643,552365132573403,552365132758560,552365135139341,552365139305122,27760,191406,552365139305122,552365135555435,552365155185435,552365135139341,
0,21117478,552365139465031,552365139465031,0,552365140341685,552365140347882,552365140350851,552365140528716,552365159405635,552365140273664,8261348,552365141525018,552365141622414,552365141794393,552365144425435,552365149106320,22344,268333,552365149106320,552365144990903,552365163477570,552365144425435,
0,21117486,552365147727260,552365147727260,0,552365148932153,552365148941320,552365148946112,552365149192362,552365167666983,552365148829862,8261390,552365150501528,552365150610695,552365150805382,552365154572830,552365161323299,52656,297604,552365161323299,552365155196216,552365171929341,552365154572830,
0,21117494,552365155990934,552365155990934,0,552365157016528,552365157024862,552365157028560,552365157281007,552365175928373,552365156903976,8261496,552365158460278,552365158593560,552365158814185,552365162036685,552365169072570,34167,321302,552365169072570,552365162670018,552365179989966,552365162036685,
0,21117502,552365164246711,552365164246711,0,552365165271841,552365165279132,552365165282778,552365165498507,552365184189869,552365165177830,8261224,552365166670487,552365166807310,552365167020799,552365170187882,552365177095799,33750,249583,552365177095799,552365170725382,552365188255487,552365170187882,
0,21117510,552365172506665,552365172506665,-96891280,552365175040122,552365175255747,552365178776528,552365178967257,552365192451093,552365174969549,8260996,552365179929289,552365180166685,552365180398091,552365182613455,552365187860278,54635,358282,552365187860278,552365183269080,552365196466737,552365182613455,
0,21117525,552365180821743,552365180821743,-130946829,552365182650539,552365184405903,552365214167987,552365214328351,552365200712089,552365182580122,8263727,552365219956216,552365220115226,552365220254289,552365223352570,552365226542778,30105,233906,552365226542778,552365224082101,552365237845018,552365223352570,
0,21117540,552365189074009,552365213863312,-513084522,552365221071320,552365222320070,552365225660435,552365225788924,552365242070771,552365220754132,8263101,552365226226789,552365226302987,552365226442935,552365228625330,552365234602257,23385,211667,552365234602257,552365229040122,552365246130278,552365228625330,
0,21117562,552365230379068,552365230379068,-350822717,552365230974289,552365231985747,552365232427101,552365232549705,552365250333872,552365230920018,8262614,552365232989757,552365233062049,552365233218924,552365235644757,552365240116685,27812,414688,552365240116685,552365236337882,552365254359601,552365235644757,
0,21117577,552365238618990,552365238618990,-975206644,552365239381685,552365240942570,552365241459601,552365241638455,552365258596486,552365239321737,8261603,552365242244966,552365242332674,552365242596789,552365245497935,552365252698560,31823,342395,552365252698560,552365246140435,552365262577310,552365245497935,
0,21117592,552365246891345,552365246891345,-1028371512,552365248228403,552365249953820,552365250536007,552365250701945,552365266858089,552365247999914,8262262,552365251458039,552365251569132,552365251919914,552365255826112,552365261928976,111563,323177,552365261928976,552365256622153,552365270867570,552365255826112,
0,21117607,552365255158407,552365255158407,-654752962,552365256930643,552365258772414,552365259280539,552365259444653,552365275120351,552365256863039,8262408,552365260104862,552365260203664,552365260443612,552365267952882,552365271309810,32708,260469,552365271309810,552365268555174,552365287418039,552365267952882,
0,21117622,552365263417521,552365263417521,-226464758,552365264378351,552365265994185,552365266530539,552365266714185,552365283382759,552365264323143,8262252,552365267433039,552365268692310,552365268986580,552365271235643,552365274601685,18750,249271,552365274601685,552365271752882,552365295606320,552365271235643,
0,21117637,552365271668196,552365271668196,-1056313606,552365272635487,552365273900643,552365274557310,552365274804289,552365291645011,552365272579862,8261776,552365275252726,552365275353976,552365275539862,552365278200799,552365284954185,29948,212395,552365284954185,552365278696997,552365303915122,552365278200799,
0,21117652,552365279929972,552365279929972,-155269572,552365280934341,552365282906060,552365283548716,552365283759966,552365299906787,552365280854601,8261776,552365284625330,552365284720018,552365284916424,552365287995591,552365294497414,30521,220833,552365294497414,552365288935070,552365312231737,552365287995591,
0,21117667,552365288191983,552365288191983,-558004471,552365289068143,552365291232726,552365291845799,552365292083507,552365308168563,552365288960851,8261905,552365292810643,552365292915122,552365293144080,552365296351007,552365302285487,26771,257500,552365302285487,552365297019028,552365320399653,552365296351007,
0,21117682,552365296453374,552365296453374,-790339898,552365297470747,552365299210591,552365299740487,552365299923664,552365316430468,552365297381685,8261777,552365300597466,552365300677570,552365300878976,552365303569862,552365309744966,29375,274792,552365309744966,552365304102674,552365328682518,552365303569862,
0,21117697,552365304708797,552365304708797,-699661731,552365305554810,552365307224914,552365307794914,552365307975278,552365324692245,552365305484289,8261745,552365308906112,552365308991320,552365309156320,552365311952518,552365318166528,28750,250677,552365318166528,552365312551164,552365336924341,552365311952518,
0,21117712,552365312970000,552365312970000,-786828362,552365313988299,552365315568716,552365316135487,552365316304810,552365332953990,552365313920539,8261765,552365316934757,552365317051372,552365317333872,552365321158351,552365327372778,27760,314271,552365327372778,552365321811476,552365345240487,552365321158351,
0,21117727,552365321244666,552365321244666,-580828774,552365322320747,552365324313039,552365324981893,552365325197570,552365341215755,552365322230591,8262462,552365326071684,552365326150487,552365326361997,552365330012570,552365336129966,33334,239063,552365336129966,552365330689080,552365353450070,552365330012570,
0,21117742,552365329492731,552365329492731,-597617448,552365332490747,552365334302309,552365334931789,552365335111424,552365349478217,552365332412309,8261703,552365335829757,552365335942934,552365336213195,552365338549601,552365343470330,75313,200417,552365343470330,552365338966580,552365361661268,552365338549601,
0,21117757,552365337741692,552365337741692,-548898358,552365338382205,552365339935695,552365340546684,552365340718247,552365357739920,552365338321841,8260836,552365341430851,552365341519393,552365341732049,552365344399757,552365351407934,29635,301459,552365351407934,552365344984757,552365370111580,552365344399757,
0,21117772,552365345988655,552365345988655,-880959450,552365346984705,552365349043455,552365349669809,552365349858664,552365366000756,552365346886476,8259924,552365350573195,552365350662362,552365350870643,552365353802830,552365359433455,38855,289844,552365359433455,552365354403559,552365378180539,552365353802830,
0,21117787,552365354251495,552365354251495,-99579104,552365355253299,552365356687101,552365357434237,552365357586216,552365374260680,552365355177726,8259923,552365360299862,552365360386372,552365360658872,552365364494757,552365369545955,34167,238073,552365369545955,552365365078664,552365386507987,552365364494757,
0,21117802,552365362504396,552365362504396,-837781685,552365365331789,552365366833872,552365367730226,552365367903820,552365382520603,552365363982674,8259460,552365370232414,552365370352674,552365370666424,552365374330539,552365379577466,45989,212239,552365379577466,552365375167257,552365394773976,552365374330539,
0,21117817,552365370744167,552365370744167,-231315116,552365377565955,552365378544080,552365378897726,552365379010955,552365390780063,552365377513039,8258183,552365380826632,552365380912362,552365381084237,552365384224862,552365388940382,28698,209115,552365388940382,552365384815487,552365403055955,552365384224862,
0,21117847,552365387295195,552365387295195,-162164374,552365388038143,552365390008664,552365393669757,552365393875278,552365398961861,552365387948039,8260656,552365398632257,552365398733768,552365398933976,552365402747778,552365406551372,29219,331198,552365406551372,552365403567570,552365419545226,552365402747778,
0,21117862,552365395553595,552365395553595,-749216458,552365399743455,552365401185278,552365401722049,552365401858559,552365423743829,552365399693612,8260492,552365403834653,552365403946268,552365404443091,552365407520539,552365410499705,58021,266979,552365410499705,552365408185226,552365427782934,552365407520539,
0,21117876,552365403813626,552365412074063,-578523831,552365412596216,552365413567205,552365413968664,552365414075382,552365432004321,552365412339757,8260437,552365415844966,552365415903664,552365416147466,552365419212205,552365425154549,22500,296823,552365425154549,552365420134653,552365436111684,552365419212205,
0,21117899,552365420326468,552365420326468,-918240478,552365420996476,552365422289966,552365422924705,552365423062934,552365440264758,552365420937362,8259627,552365425076112,552365425163143,552365425412466,552365428546737,552365433666684,42500,253333,552365433666684,552365429171737,552365444301059,552365428546737,
0,21117914,552365428587053,552365428587053,-274535363,552365429635174,552365430912153,552365431507570,552365431674289,552365448524385,552365429566737,8259732,552365434141684,552365434216528,552365434453924,552365440323559,552365444531945,35104,231094,552365444531945,552365441049289,552365460859237,552365440323559,
0,21117936,552365445119751,552365445119751,0,552365445508820,552365445513143,552365447739497,552365447828716,552365456786417,552365445468299,8260729,552365451677049,552365451791684,552365452034549,552365455590955,552365459754705,29687,315261,552365459754705,552365456344757,552365469053143,552365455590955,
0,21117944,552365453380480,552365453380480,0,552365454231476,552365454237570,552365455311684,552365455471945,552365473307875,552365454157257,8260729,552365457681997,552365457773247,552365457970799,552365461266424,552365466279653,23020,341615,552365466279653,552365462084966,552365477379601,552365461266424,
0,21117952,552365461627133,552365461627133,0,552365463135955,552365463140851,552365466311164,552365466467414,552365481568604,552365463077414,8259852,552365467975487,552365468150382,552365468319705,552365471032309,552365476094184,24167,220729,552365476094184,552365471659028,552365485616945,552365471032309,
0,21117960,552365469889531,552365469889531,0,552365471768299,552365471771268,552365472560226,552365472644601,552365489828456,552365471703091,8259970,552365474274237,552365474329914,552365474482987,552365477588455,552365483223143,21093,295365,552365483223143,552365478340539,552365493890278,552365477588455,
0,21117968,552365478139129,552365478139129,0,552365478925382,552365478930122,552365479733299,552365479866424,552365498088426,552365478864601,8259562,552365482214445,552365482360903,552365482546893,552365486969497,552365492889757,28646,387969,552365492889757,552365487816580,552365502114549,552365486969497,
0,21117976,552365486396871,552365486396871,0,552365487285226,552365487292362,552365488832414,552365489079080,552365506347988,552365487215643,8259231,552365492274966,552365492430487,552365492677466,552365497220382,552365502150278,36927,344948,552365502150278,552365497975330,552365518627622,552365497220382,
0,21117984,552365494655415,552365494655415,0,552365495695851,552365495705382,552365499467570,552365499638664,552365514607219,552365495620070,8259189,552365504788612,552365504857414,552365505003612,552365508201841,552365513435539,30886,498385,552365513435539,552365509260278,552365526887101,552365508201841,
0,21117991,552365502925639,552365502925639,0,552365505944705,552365505947987,552365506813351,552365506940330,552365522866408,552365505903039,8260082,552365509145643,552365509451737,552365509689132,552365513340747,552365519694132,17969,213802,552365519694132,552365514049445,552365535206320,552365513340747,
0,21117999,552365511185721,552365519445803,0,552365523227362,552365523232049,552365523851059,552365523961372,552365531126490,552365522989132,8260082,552365525938559,552365526029862,552365526207622,552365529342466,552365534102466,30521,242552,552365534102466,552365530032257,552364345610799,552365529342466,
0,21118008,552365527685523,552365527685523,0,552365528769080,552365528773195,552365529355903,552365529475122,552365547632633,552365528718716,8258913,552365531308768,552365531371216,552365531591737,552365535087622,552365541111632,29480,238073,552365541111632,552365535774653,552364353829393,552365535087622,
0,21118016,552365535934906,552365535934906,0,552365536825434,552365536832101,552365537933820,552365538087414,552365555891546,552365536764341,8258269,552365540418195,552365540495330,552365540715695,552365544902778,552365551225018,33072,233177,552365551225018,552365545538507,552364362086477,552365544902778,
0,21118024,552365544206962,552365544206962,0,552365545041580,552365545048716,552365549564914,552365549742570,552365555873628,552365544971580,8259089,552365551790747,552365551915695,552365552268507,552365554907309,552364354337570,34010,273542,552364354337570,552365555472153,552364370325643,552365554907309,
---PROFILEDATA---


View hierarchy:

  com.paifa.ubikitouch/com.paifa.ubikitouch.app.MainActivity/android.view.ViewRootImpl@875f473
  10 views, 19.06 kB of render nodes

  /android.view.ViewRootImpl@934d9ad
  3 views, 4.34 kB of render nodes


Total ViewRootImpl   : 2
Total attached Views : 13
Total RenderNode     : 23.40 kB (used) / 67.04 kB (capacity)

