Applications Graphics Acceleration Info:
Uptime: 563209612 Realtime: 610734690

** Graphics info for pid 13529 [com.paifa.ubikitouch] **

Stats since: 563166094750898ns
Total frames rendered: 658
Janky frames: 93 (14.13%)
Janky frames (legacy): 648 (98.48%)
50th percentile: 21ms
90th percentile: 28ms
95th percentile: 32ms
99th percentile: 48ms
Number Missed Vsync: 6
Number High input latency: 1111
Number Slow UI thread: 81
Number Slow bitmap uploads: 0
Number Slow issue draw commands: 93
Number Frame deadline missed: 93
Number Frame deadline missed (legacy): 112
HISTOGRAM: 5ms=0 6ms=0 7ms=0 8ms=0 9ms=0 10ms=3 11ms=9 12ms=43 13ms=33 14ms=16 15ms=4 16ms=25 17ms=30 18ms=31 19ms=51 20ms=56 21ms=47 22ms=41 23ms=24 24ms=39 25ms=51 26ms=41 27ms=34 28ms=18 29ms=13 30ms=7 31ms=3 32ms=11 34ms=11 36ms=5 38ms=1 40ms=1 42ms=1 44ms=0 46ms=2 48ms=2 53ms=0 57ms=0 61ms=1 65ms=0 69ms=3 73ms=0 77ms=0 81ms=0 85ms=0 89ms=1 93ms=0 97ms=0 101ms=0 105ms=0 109ms=0 113ms=0 117ms=0 121ms=0 125ms=0 129ms=0 133ms=0 150ms=0 200ms=0 250ms=0 300ms=0 350ms=0 400ms=0 450ms=0 500ms=0 550ms=0 600ms=0 650ms=0 700ms=0 750ms=0 800ms=0 850ms=0 900ms=0 950ms=0 1000ms=0 1050ms=0 1100ms=0 1150ms=0 1200ms=0 1250ms=0 1300ms=0 1350ms=0 1400ms=0 1450ms=0 1500ms=0 1550ms=0 1600ms=0 1650ms=0 1700ms=0 1750ms=0 1800ms=0 1850ms=0 1900ms=0 1950ms=0 2000ms=0 2050ms=0 2100ms=0 2150ms=0 2200ms=0 2250ms=0 2300ms=0 2350ms=0 2400ms=0 2450ms=0 2500ms=0 2550ms=0 2600ms=0 2650ms=0 2700ms=0 2750ms=0 2800ms=0 2850ms=0 2900ms=0 2950ms=0 3000ms=0 3050ms=0 3100ms=0 3150ms=0 3200ms=0 3250ms=0 3300ms=0 3350ms=0 3400ms=0 3450ms=0 3500ms=0 3550ms=0 3600ms=0 3650ms=0 3700ms=0 3750ms=0 3800ms=0 3850ms=0 3900ms=0 3950ms=0 4000ms=0 4050ms=0 4100ms=0 4150ms=0 4200ms=0 4250ms=0 4300ms=0 4350ms=0 4400ms=0 4450ms=0 4500ms=0 4550ms=0 4600ms=0 4650ms=0 4700ms=0 4750ms=0 4800ms=0 4850ms=0 4900ms=0 4950ms=0
50th gpu percentile: 8ms
90th gpu percentile: 11ms
95th gpu percentile: 12ms
99th gpu percentile: 18ms
GPU HISTOGRAM: 1ms=0 2ms=0 3ms=1 4ms=78 5ms=50 6ms=50 7ms=74 8ms=122 9ms=151 10ms=57 11ms=27 12ms=17 13ms=10 14ms=4 15ms=4 16ms=3 17ms=2 18ms=3 19ms=1 20ms=1 21ms=3 22ms=0 23ms=0 24ms=0 25ms=0 4950ms=0

Pipeline=Skia (OpenGL)
Memory policy:
  Max surface area: 2592000
  Max resource usage: 373.25MB (x144)
  Background retention: 50% (altUiHidden = true)
  GPU Context timeout: 10
Contexts: 2 (stopped = 0)
CPU Caches:
  Glyph Cache: 1.37 MB (1 entry)
  Shadows: 8.70 KB (7 entries)
  Glyph Count: 179 
Total CPU memory usage:
  1442607 bytes, 1.38 MB (0.00 bytes is purgeable)
GPU Caches:
  SW Path Mask:
    Texture: 1.47 MB (4 entries)
  Other:
    Other: 70.16 KB (1 entry)
    Buffer Object: 2.49 KB (4 entries)
    StencilAttachment: 8.00 MB (1 entry)
  Image:
    Texture: 406.33 KB (55 entries)
  Scratch:
    RenderTarget: 326.53 MB (334 entries)
    Buffer Object: 78.00 KB (2 entries)
    Texture: 8.29 MB (23 entries)
Total GPU memory usage:
  361582208 bytes, 344.83 MB (6.01 MB is purgeable)

Profile data in ms:

	com.paifa.ubikitouch/com.paifa.ubikitouch.app.MainActivity/android.view.ViewRootImpl@416ec7e (visibility=0)
Window: com.paifa.ubikitouch/com.paifa.ubikitouch.app.MainActivity
Stats since: 563166092827616ns
Total frames rendered: 0
Janky frames: 0 (0.00%)
Janky frames (legacy): 0 (0.00%)
50th percentile: 4950ms
90th percentile: 4950ms
95th percentile: 4950ms
99th percentile: 4950ms
Number Missed Vsync: 0
Number High input latency: 0
Number Slow UI thread: 0
Number Slow bitmap uploads: 0
Number Slow issue draw commands: 0
Number Frame deadline missed: 0
Number Frame deadline missed (legacy): 0
HISTOGRAM: 5ms=0 6ms=0 7ms=0 8ms=0 9ms=0 10ms=0 11ms=0 12ms=0 13ms=0 14ms=0 15ms=0 16ms=0 17ms=0 18ms=0 19ms=0 20ms=0 21ms=0 22ms=0 23ms=0 24ms=0 25ms=0 26ms=0 27ms=0 28ms=0 29ms=0 30ms=0 31ms=0 32ms=0 34ms=0 36ms=0 38ms=0 40ms=0 42ms=0 44ms=0 46ms=0 48ms=0 53ms=0 57ms=0 61ms=0 65ms=0 69ms=0 73ms=0 77ms=0 81ms=0 85ms=0 89ms=0 93ms=0 97ms=0 101ms=0 105ms=0 109ms=0 113ms=0 117ms=0 121ms=0 125ms=0 129ms=0 133ms=0 150ms=0 200ms=0 250ms=0 300ms=0 350ms=0 400ms=0 450ms=0 500ms=0 550ms=0 600ms=0 650ms=0 700ms=0 750ms=0 800ms=0 850ms=0 900ms=0 950ms=0 1000ms=0 1050ms=0 1100ms=0 1150ms=0 1200ms=0 1250ms=0 1300ms=0 1350ms=0 1400ms=0 1450ms=0 1500ms=0 1550ms=0 1600ms=0 1650ms=0 1700ms=0 1750ms=0 1800ms=0 1850ms=0 1900ms=0 1950ms=0 2000ms=0 2050ms=0 2100ms=0 2150ms=0 2200ms=0 2250ms=0 2300ms=0 2350ms=0 2400ms=0 2450ms=0 2500ms=0 2550ms=0 2600ms=0 2650ms=0 2700ms=0 2750ms=0 2800ms=0 2850ms=0 2900ms=0 2950ms=0 3000ms=0 3050ms=0 3100ms=0 3150ms=0 3200ms=0 3250ms=0 3300ms=0 3350ms=0 3400ms=0 3450ms=0 3500ms=0 3550ms=0 3600ms=0 3650ms=0 3700ms=0 3750ms=0 3800ms=0 3850ms=0 3900ms=0 3950ms=0 4000ms=0 4050ms=0 4100ms=0 4150ms=0 4200ms=0 4250ms=0 4300ms=0 4350ms=0 4400ms=0 4450ms=0 4500ms=0 4550ms=0 4600ms=0 4650ms=0 4700ms=0 4750ms=0 4800ms=0 4850ms=0 4900ms=0 4950ms=0
50th gpu percentile: 4950ms
90th gpu percentile: 4950ms
95th gpu percentile: 4950ms
99th gpu percentile: 4950ms
GPU HISTOGRAM: 1ms=0 2ms=0 3ms=0 4ms=0 5ms=0 6ms=0 7ms=0 8ms=0 9ms=0 10ms=0 11ms=0 12ms=0 13ms=0 14ms=0 15ms=0 16ms=0 17ms=0 18ms=0 19ms=0 20ms=0 21ms=0 22ms=0 23ms=0 24ms=0 25ms=0 4950ms=0



---PROFILEDATA---
Flags,FrameTimelineVsyncId,IntendedVsync,Vsync,InputEventId,HandleInputStart,AnimationStart,PerformTraversalsStart,DrawStart,FrameDeadline,FrameInterval,FrameStartTime,SyncQueued,SyncStart,IssueDrawCommandsStart,SwapBuffers,FrameCompleted,DequeueBufferDuration,QueueBufferDuration,GpuCompleted,SwapBuffersCompleted,DisplayPresentTime,CommandSubmissionCompleted,
---PROFILEDATA---


	/android.view.ViewRootImpl@6c7dce7 (visibility=0)
Window: 
Stats since: 563166094749856ns
Total frames rendered: 658
Janky frames: 93 (14.13%)
Janky frames (legacy): 648 (98.48%)
50th percentile: 21ms
90th percentile: 28ms
95th percentile: 32ms
99th percentile: 48ms
Number Missed Vsync: 6
Number High input latency: 1111
Number Slow UI thread: 81
Number Slow bitmap uploads: 0
Number Slow issue draw commands: 93
Number Frame deadline missed: 93
Number Frame deadline missed (legacy): 112
HISTOGRAM: 5ms=0 6ms=0 7ms=0 8ms=0 9ms=0 10ms=3 11ms=9 12ms=43 13ms=33 14ms=16 15ms=4 16ms=25 17ms=30 18ms=31 19ms=51 20ms=56 21ms=47 22ms=41 23ms=24 24ms=39 25ms=51 26ms=41 27ms=34 28ms=18 29ms=13 30ms=7 31ms=3 32ms=11 34ms=11 36ms=5 38ms=1 40ms=1 42ms=1 44ms=0 46ms=2 48ms=2 53ms=0 57ms=0 61ms=1 65ms=0 69ms=3 73ms=0 77ms=0 81ms=0 85ms=0 89ms=1 93ms=0 97ms=0 101ms=0 105ms=0 109ms=0 113ms=0 117ms=0 121ms=0 125ms=0 129ms=0 133ms=0 150ms=0 200ms=0 250ms=0 300ms=0 350ms=0 400ms=0 450ms=0 500ms=0 550ms=0 600ms=0 650ms=0 700ms=0 750ms=0 800ms=0 850ms=0 900ms=0 950ms=0 1000ms=0 1050ms=0 1100ms=0 1150ms=0 1200ms=0 1250ms=0 1300ms=0 1350ms=0 1400ms=0 1450ms=0 1500ms=0 1550ms=0 1600ms=0 1650ms=0 1700ms=0 1750ms=0 1800ms=0 1850ms=0 1900ms=0 1950ms=0 2000ms=0 2050ms=0 2100ms=0 2150ms=0 2200ms=0 2250ms=0 2300ms=0 2350ms=0 2400ms=0 2450ms=0 2500ms=0 2550ms=0 2600ms=0 2650ms=0 2700ms=0 2750ms=0 2800ms=0 2850ms=0 2900ms=0 2950ms=0 3000ms=0 3050ms=0 3100ms=0 3150ms=0 3200ms=0 3250ms=0 3300ms=0 3350ms=0 3400ms=0 3450ms=0 3500ms=0 3550ms=0 3600ms=0 3650ms=0 3700ms=0 3750ms=0 3800ms=0 3850ms=0 3900ms=0 3950ms=0 4000ms=0 4050ms=0 4100ms=0 4150ms=0 4200ms=0 4250ms=0 4300ms=0 4350ms=0 4400ms=0 4450ms=0 4500ms=0 4550ms=0 4600ms=0 4650ms=0 4700ms=0 4750ms=0 4800ms=0 4850ms=0 4900ms=0 4950ms=0
50th gpu percentile: 8ms
90th gpu percentile: 11ms
95th gpu percentile: 12ms
99th gpu percentile: 18ms
GPU HISTOGRAM: 1ms=0 2ms=0 3ms=1 4ms=78 5ms=50 6ms=50 7ms=74 8ms=122 9ms=151 10ms=57 11ms=27 12ms=17 13ms=10 14ms=4 15ms=4 16ms=3 17ms=2 18ms=3 19ms=1 20ms=1 21ms=3 22ms=0 23ms=0 24ms=0 25ms=0 4950ms=0



---PROFILEDATA---
Flags,FrameTimelineVsyncId,IntendedVsync,Vsync,InputEventId,HandleInputStart,AnimationStart,PerformTraversalsStart,DrawStart,FrameDeadline,FrameInterval,FrameStartTime,SyncQueued,SyncStart,IssueDrawCommandsStart,SwapBuffers,FrameCompleted,DequeueBufferDuration,QueueBufferDuration,GpuCompleted,SwapBuffersCompleted,DisplayPresentTime,CommandSubmissionCompleted,
0,21832931,563194651605842,563194651605842,-438149214,563194652400678,563194654034689,563194654791928,563194654929793,563194679772796,563194652341876,8248829,563194656342085,563194656557345,563194656892449,563194663062241,563194671525053,15313,391250,563194671525053,563194663844168,563194683906981,563194663062241,
0,21832946,563194659855674,563194659855674,-933908971,563194660931876,563194662562033,563194663492918,563194663707814,563194688021625,563194660809845,8252516,563194666035262,563194666137918,563194666443803,563194672468595,563194680513387,57916,294115,563194680513387,563194673209376,563194692241512,563194672468595,
0,21832961,563194668158531,563194668158531,-930098527,563194668724741,563194670156512,563194671900887,563194672072345,563194696274141,563194668667397,8255301,563194673255418,563194673363387,563194673662553,563194679932345,563194687715939,17604,260104,563194687715939,563194680664220,563194700514793,563194679932345,
0,21832976,563194676444025,563194676444025,-137722947,563194677902241,563194679353022,563194683354949,563194683540731,563194704529442,563194677720991,8255580,563194684593439,563194684683022,563194684911147,563194690864012,563194698163439,54271,261823,563194698163439,563194691530835,563194708827501,563194690864012,
0,21832991,563194684706109,563194684706109,-676664126,563194686679481,563194687866303,563194697762449,563194697926303,563194712785022,563194686612553,8255115,563194699861512,563194699967866,563194700354220,563194706476564,563194713539324,30885,309635,563194713539324,563194707350262,563194725228387,563194706476564,
0,21833006,563194692953234,563194701208866,-836263945,563194702599741,563194703854064,563194705009897,563194705132189,563194729393235,563194702301251,8255632,563194706394064,563194707514533,563194707848022,563194713585887,563194721523439,21250,228333,563194721523439,563194714163960,563194733432658,563194713585887,
0,21833028,563194709487173,563194709487173,-936517273,563194710450418,563194711815730,563194713485574,563194713649220,563194737648867,563194710386460,8256194,563194715068647,563194715189116,563194715499741,563194720707137,563194728882241,44114,1197969,563194728882241,563194722326720,563194741735939,563194720707137,
0,21833043,563194717743367,563194717743367,-366824318,563194718971720,563194722020939,563194724970522,563194725168439,563194745905061,563194718903751,8257878,563194725944376,563194726071199,563194726345835,563194731486147,563194739043178,24479,336094,563194739043178,563194732219480,563194749941564,563194731486147,
0,21833058,563194726030010,563194726030010,-340200862,563194727925418,563194729139168,563194729954897,563194730077397,563194754162939,563194727861876,8257869,563194731373074,563194732348908,563194732548908,563194736621824,563194745759116,14635,2204687,563194745759116,563194739209220,563194758217762,563194736621824,
0,21833073,563194734285051,563194734285051,-296322825,563194735459845,563194736697918,563194746980314,563194747136720,563194762420808,563194735392501,8257869,563194749225053,563194749357397,563194749571720,563194754242970,563194760085887,32343,267917,563194760085887,563194754841876,563194774773126,563194754242970,
0,21833097,563194767275474,563194767275474,-1001465211,563194768393178,563194768399428,563194769448491,563194769604376,563194778942140,563194768328960,8256214,563194770967762,563194771041980,563194771325210,563194780572918,563194786730730,41719,282136,563194786730730,563194781256512,563194799500835,563194780572918,
0,21833104,563194775531688,563194775531688,0,563194776657449,563194776663439,563194779354220,563194779613491,563194803710782,563194776583387,8256214,563194781481616,563194781592033,563194781819376,563194787877710,563194796074845,33438,279427,563194796074845,563194788614324,563194807766928,563194787877710,
0,21833111,563194783787902,563194783787902,0,563194784933126,563194784939428,563194788642449,563194788854220,563194811966996,563194784854741,8256214,563194789873074,563194789962501,563194790190574,563194796185158,563194803851928,19583,242292,563194803851928,563194796857553,563194816114064,563194796185158,
0,21833119,563194792044116,563194792044116,0,563194792853126,563194792858908,563194794551668,563194794709116,563194820223210,563194792788699,8256214,563194796093647,563194797077293,563194797364012,563194801986355,563194810769428,22864,1527917,563194810769428,563194804129793,563194824329637,563194801986355,
0,21833127,563194800297162,563194800297162,0,563194801680210,563194801689845,563194802941147,563194803092814,563194828479424,563194801599480,8255723,563194804725835,563194804799428,563194805008595,563194810126408,563194817863647,21875,366458,563194817863647,563194810967345,563194832488543,563194810126408,
0,21833135,563194808547567,563194808547567,0,563194809490210,563194809498230,563194810600939,563194810779637,563194836735147,563194809402814,8255723,563194812599376,563194812679585,563194812906616,563194818498022,563194826248074,24895,194063,563194826248074,563194819064064,563194840732189,563194818498022,
0,21833143,563194816794858,563194816794858,0,563194817733439,563194817739689,563194828478855,563194828664793,563194844990870,563194817660366,8256020,563194830626043,563194830765105,563194831022553,563194836965001,563194842833960,30157,248802,563194842833960,563194837664064,563194857276720,563194836965001,
0,21833151,563194825069088,563194825069088,0,563194833254376,563194833259949,563194835892189,563194836176251,563194853246890,563194833196147,8256514,563194836845262,563194837784376,563194837990105,563194843694533,563194851139585,18490,290625,563194851139585,563194844329376,563194865543751,563194843694533,
0,21833159,563194841573257,563194841573257,0,563194842432397,563194842442449,563194843598908,563194843751720,563194861503404,563194842336147,8255690,563194845629689,563194845682293,563194845857397,563194849071043,563194858052033,13490,1955156,563194858052033,563194851341512,563194873854116,563194849071043,
0,21833167,563194849828947,563194849828947,0,563194850416512,563194850421668,563194851189116,563194851357553,563194869759094,563194850362501,8254334,563194852765522,563194852830314,563194853013283,563194857319272,563194863560835,19219,554375,563194863560835,563194858527293,563194882073543,563194857319272,
0,21833175,563194858060209,563194858060209,0,563194859175939,563194859180887,563194859957397,563194860224116,563194878013428,563194859124480,8254334,563194861682658,563194861790105,563194862043491,563194870576876,563194877891928,21719,274375,563194877891928,563194871257970,563194890263699,563194870576876,
0,21833183,563194866304941,563194866304941,0,563194867301616,563194867310835,563194869990418,563194870201199,563194886267762,563194867202658,8253726,563194871941876,563194872056095,563194872304168,563194877706512,563194883267033,24167,268125,563194883267033,563194878461460,563194898537605,563194877706512,
0,21833191,563194874559429,563194874559429,0,563194875658074,563194875666303,563194879336668,563194879535470,563194894521488,563194875567085,8253790,563194880439428,563194880528647,563194880744272,563194885545001,563194890583230,23073,231823,563194890583230,563194886195626,563194906853647,563194885545001,
0,21833199,563194882819319,563194882819319,0,563194884258803,563194884264428,563194885332605,563194885484949,563194902775278,563194884190730,8254030,563194887128178,563194887202918,563194887385470,563194890711043,563194894247033,19427,189063,563194894247033,563194891620210,563194915015574,563194890711043,
0,21833207,563194891059921,563194891059921,0,563194891825887,563194891831303,563194892918387,563194893086564,563194911029308,563194891745887,8252861,563194894546303,563194894608439,563194894782501,563194898420939,563194903148543,21302,221355,563194903148543,563194898958595,563194923266095,563194898420939,
0,21833215,563194899312782,563194899312782,0,563194900656668,563194900662866,563194901687762,563194901855574,563194919282169,563194900576303,8252799,563194903218335,563194903325314,563194903573230,563194908894741,563194912806095,27552,167605,563194912806095,563194909474533,563194931532241,563194908894741,
0,21833223,563194907563414,563194907563414,0,563194908582658,563194908589793,563194909756564,563194910030678,563194927534968,563194908504376,8253665,563194912129376,563194912229064,563194912448699,563194916430366,563194920350262,26146,225312,563194920350262,563194917038283,563194939769532,563194916430366,
0,21833231,563194915830319,563194915830319,0,563194916640314,563194916645366,563194917824324,563194918017293,563194935788633,563194916569064,8253665,563194919584637,563194919648230,563194919842658,563194923346720,563194928809376,25417,229427,563194928809376,563194923911303,563194948081199,563194923346720,
0,21833239,563194924087819,563194924087819,0,563194924884480,563194924891460,563194926110001,563194926343230,563194944042298,563194924806512,8254435,563194928207189,563194928287397,563194928524220,563194932485939,563194936435730,31875,257656,563194936435730,563194933060210,563194956413074,563194932485939,
0,21833247,563194932331751,563194932331751,0,563194933247449,563194933257553,563194934703282,563194934891876,563194952296733,563194933132710,8253956,563194936680366,563194936772293,563194936973178,563194940671407,563194944465939,28906,444167,563194944465939,563194941495418,563194964565782,563194940671407,
0,21833255,563194940571666,563194940571666,0,563194941795105,563194941807970,563194942850262,563194942996407,563194960550689,563194941680366,8252975,563194944805730,563194944871668,563194945026668,563194948847657,563194952699272,23802,167188,563194952699272,563194949302762,563194972807085,563194948847657,
0,21833263,563194948814758,563194948814758,0,563194949829376,563194949837762,563194951047241,563194951221876,563194968803664,563194949747241,8251776,563194953016616,563194953095939,563194953288803,563194957361668,563194961586772,21041,245052,563194961586772,563194957977501,563194981039116,563194957361668,
0,21833271,563194957062172,563194957062172,0,563194957865262,563194957871928,563194959118022,563194959314741,563194977055440,563194957797293,8251776,563194960974220,563194961073960,563194961243699,563194966015001,563194969950210,24011,345156,563194969950210,563194966732345,563194989361147,563194966015001,
0,21833279,563194965328585,563194965328585,0,563194966185262,563194966192032,563194967529532,563194967767032,563194985307216,563194966099220,8252278,563194969609793,563194969694428,563194969896564,563194973755366,563194977927814,25625,203177,563194977927814,563194974644168,563194997556720,563194973755366,
0,21833302,563194981815511,563194981815511,-1042657724,563194983092605,563194983979064,563194984797085,563194984968439,563194993482177,563194983055835,8250996,563194986272345,563194986348960,563194986606928,563194990212605,563194994175678,30937,334895,563194994175678,563194990995418,563195005963803,563194990212605,
0,21833317,563194990066507,563194990066507,-580872822,563194991049376,563194992788387,563194993720470,563194993892710,563195009984169,563194990955157,8252764,563194995461043,563194995555314,563194995764689,563194999536564,563195003061876,31250,329948,563195003061876,563195000160001,563195014074793,563194999536564,
0,21833332,563194998340444,563194998340444,-979044130,563194999205418,563195000844428,563195001767866,563195001944272,563195018236933,563194999127918,8252764,563195003591147,563195003690210,563195003879845,563195007382449,563195011028647,27187,173802,563195011028647,563195007904116,563195022320314,563195007382449,
0,21833347,563195006596694,563195006596694,-841888233,563195007227918,563195008650835,563195009612501,563195009774324,563195026489697,563195007165678,8254613,563195011394897,563195011482553,563195011668282,563195015335574,563195019341303,26406,141771,563195019341303,563195015830939,563195030580522,563195015335574,
0,21833362,563195014861551,563195014861551,-397924253,563195015603855,563195017109793,563195017939793,563195018082814,563195034744310,563195015537293,8253527,563195019433855,563195019508126,563195019725053,563195023505574,563195027461303,27500,402709,563195027461303,563195024300262,563195038839272,563195023505574,
0,21833377,563195023115078,563195023115078,-968613063,563195023716772,563195024970314,563195025747501,563195025871772,563195042997837,563195023663335,8252925,563195027077293,563195027140574,563195027359845,563195030732501,563195034474428,26771,206875,563195034474428,563195031288543,563195047087137,563195030732501,
0,21833392,563195031359130,563195031359130,-1033336174,563195032401616,563195033617449,563195034337293,563195034480991,563195051250762,563195032328491,8252671,563195035813907,563195035881668,563195036111460,563195039318074,563195043207710,27344,444375,563195043207710,563195040161407,563195055352345,563195039318074,
0,21833407,563195039607540,563195039607540,-988786437,563195040392918,563195041838282,563195048979064,563195049151355,563195059503433,563195040316876,8253441,563195051855939,563195051932032,563195052283126,563195055957970,563195062519428,32500,204062,563195062519428,563195056559637,563195071881460,563195055957970,
0,21833422,563195047867193,563195047867193,-538033835,563195053760626,563195055268960,563195056197501,563195056365210,563195076034529,563195053699012,8253720,563195058006512,563195058056668,563195058243178,563195065398282,563195072186512,20625,219114,563195072186512,563195065958126,563195080122449,563195065398282,
0,21833451,563195064375358,563195064375358,-116569460,563195066718803,563195067962345,563195069011616,563195069181824,563195084288249,563195066675730,8253250,563195071028126,563195071112605,563195071360939,563195077280678,563195083271928,31510,336563,563195083271928,563195078087085,563195096642241,563195077280678,
0,21833466,563195072622976,563195072622976,-944800997,563195073128230,563195074660574,563195075317710,563195075456616,563195092541499,563195073077397,8253415,563195077065053,563195078224637,563195078465626,563195082920574,563195090922032,18906,235678,563195090922032,563195083577085,563195104915157,563195082920574,
0,21833480,563195080879890,563195080879890,-211382046,563195081983282,563195083410001,563195084569897,563195084737345,563195100794914,563195081919689,8253415,563195086990522,563195087133230,563195087344064,563195092760053,563195100319480,26927,320104,563195100319480,563195093547345,563195113153960,563195092760053,
0,21833495,563195089133305,563195089133305,-353122809,563195089826303,563195091804585,563195099069585,563195099275991,563195109048329,563195089752137,8254297,563195102493543,563195102652449,563195102866355,563195107907293,563195115896928,27917,220781,563195115896928,563195108650782,563195121427085,563195107907293,
0,21833510,563195097397658,563195097397658,-789375277,563195104278282,563195105400262,563195106457710,563195106599168,563195133817159,563195104213543,8254054,563195107775210,563195108763751,563195109026251,563195112844689,563195123414220,30208,2826250,563195123414220,563195116139272,563195129649532,563195112844689,
0,21833540,563195113905120,563195113905120,-617253181,563195117024793,563195118209637,563195119346980,563195119507189,563195142071213,563195116982970,8253813,563195121636043,563195121758907,563195122063647,563195127505991,563195134006303,41041,336875,563195134006303,563195128255418,563195146150418,563195127505991,
0,21833555,563195122158933,563195122158933,-818504533,563195123081720,563195124642397,563195131433074,563195131629012,563195150325026,563195123023699,8253620,563195134936251,563195135046303,563195135298960,563195139581355,563195147517397,27864,264271,563195147517397,563195140111460,563195154404480,563195139581355,
0,21833569,563195130413534,563195138667154,-443805371,563195141645366,563195142536512,563195143107397,563195143236407,563195158578646,563195141385574,8253620,563195144502449,563195144583335,563195144771147,563195152212918,563195158514012,26458,279792,563195158514012,563195152968387,563195170928543,563195152212918,
0,21833592,563195146921258,563195146921258,-614687479,563195147565418,563195148842605,563195152256772,563195152419220,563195166832266,563195147518387,8254672,563195153600782,563195153666928,563195153909220,563195158823855,563195167938543,18125,337448,563195167938543,563195159643751,563195179214793,563195158823855,
0,21833606,563195155185601,563195155185601,-743315870,563195155913178,563195157645887,563195158566668,563195158716355,563195183351940,563195155850053,8254672,563195160741876,563195160870887,563195161110678,563195166365522,563195176675418,17760,1194011,563195176675418,563195168175157,563195187431564,563195166365522,
0,21833621,563195163440273,563195163440273,-1039357271,563195165088282,563195166418751,563195170763959,563195170941928,563195191606612,563195165026303,8254476,563195173488855,563195173555053,563195173765939,563195178055418,563195186275678,20938,224166,563195186275678,563195178639637,563195195697032,563195178055418,
0,21833636,563195171690754,563195171690754,-745881505,563195175017814,563195175845262,563195176557553,563195176670470,563195199861088,563195174976772,8254337,563195177737762,563195178734741,563195178878491,563195183326043,563195196986928,15521,2613072,563195196986928,563195186477084,563195203952970,563195183326043,
0,21833651,563195179943652,563195179943652,-324217172,563195180508230,563195181686720,563195182358387,563195182510887,563195208115425,563195180458334,8254312,563195183906095,563195186642866,563195186993491,563195192144168,563195206226564,21771,4591614,563195206226564,563195197151303,563195212245626,563195192144168,
0,21833666,563195188201164,563195188201164,-45563135,563195188974689,563195190906824,563195193951876,563195194184168,563195216369737,563195188882605,8254542,563195195771459,563195197339897,563195197682709,563195202678855,563195213827553,22969,3378073,563195213827553,563195206601928,563195220494532,563195202678855,
0,21833681,563195196457502,563195196457502,-546201110,563195199933178,563195204711824,563195205474272,563195205602762,563195224624279,563195199842084,8254250,563195207122866,563195207207762,563195207468647,563195212201876,563195221000001,31615,1376823,563195221000001,563195213981251,563195228838074,563195212201876,
0,21833711,563195212980599,563195212980599,-333175319,563195215141772,563195216466512,563195223927657,563195224110522,563195232878529,563195215088491,8256056,563195225811876,563195225909272,563195226116720,563195231747709,563195239461251,35677,230833,563195239461251,563195232430105,563195245320626,563195231747709,
0,21833726,563195221243109,563195221243109,-274425205,563195227289324,563195228366355,563195229063282,563195229209220,563195257671489,563195227242657,8256152,563195230871980,563195232547189,563195232783230,563195237121459,563195246389637,22291,2184792,563195246389637,563195239693439,563195253512970,563195237121459,
0,21833755,563195237758219,563195237758219,-473332936,563195240894116,563195242291616,563195243317918,563195243483699,563195265927641,563195240848751,8257199,563195245647553,563195245726772,563195245965157,563195254008282,563195260358387,31458,285156,563195260358387,563195254700314,563195270035782,563195254008282,
0,21833777,563195254307301,563195254307301,0,563195256834324,563195256838439,563195265737397,563195265850314,563195274184840,563195256797709,8257892,563195267827241,563195267913751,563195268248803,563195272463491,563195279876459,33073,207396,563195279876459,563195272915418,563195286617970,563195272463491,
0,21833785,563195262565193,563195262565193,0,563195270106928,563195270111407,563195272302345,563195272432657,563195299005535,563195270055678,8257666,563195273749584,563195273825834,563195274028178,563195279945053,563195288170782,21875,324792,563195288170782,563195280744741,563195294907762,563195279945053,
0,21833792,563195270818282,563195270818282,0,563195274641251,563195274644637,563195275213907,563195275318647,563195307263201,563195274601928,8257666,563195276580887,563195280905574,563195281201772,563195289464376,563195298173855,29323,288906,563195298173855,563195290130834,563195303051251,563195289464376,
0,21833800,563195279075948,563195279075948,0,563195283470834,563195283476355,563195284516199,563195284708751,563195315520867,563195283412293,8257638,563195287051876,563195290338595,563195290663647,563195298895366,563195305610366,18489,265104,563195305610366,563195299659376,563195319661251,563195298895366,
0,21833808,563195287332339,563195287332339,0,563195293905053,563195293910834,563195294963282,563195295135834,563195323778505,563195293803334,8258638,563195297202970,563195299809793,563195300824689,563195306991876,563195315627605,17969,291459,563195315627605,563195307701616,563195327787189,563195306991876,
0,21833816,563195295608774,563195295608774,0,563195302032970,563195302037970,563195303053699,563195303269272,563195332037143,563195301975991,8259729,563195305744949,563195307870939,563195308273907,563195315559428,563195324647657,25469,327605,563195324647657,563195316397814,563195336131303,563195315559428,
0,21833823,563195303888558,563195303888558,0,563195310468803,563195310475574,563195311549064,563195311758907,563195340296872,563195310385366,8259729,563195314179480,563195316557866,563195316860678,563195324656512,563195332817397,17343,266719,563195332817397,563195325433439,563195344541459,563195324656512,
0,21833831,563195312148287,563195312148287,0,563195318218282,563195318222970,563195332330053,563195332507501,563195348556601,563195318157032,8259729,563195335076616,563195335175522,563195335435105,563195342519689,563195348903855,80416,213333,563195348903855,563195343010939,563195360900782,563195342519689,
0,21833839,563195320397473,563195336918121,0,563195337614272,563195337618334,563195338333491,563195338447709,563195365113598,563195337301668,8260324,563195339660730,563195343155834,563195343463126,563195351319220,563195359170939,16510,309427,563195359170939,563195351921772,563195369127032,563195351319220,
0,21833848,563195345177385,563195345177385,0,563195346199064,563195346204064,563195346993907,563195347142553,563195373373922,563195346139428,8259921,563195349081251,563195352135626,563195352350730,563195359759532,563195367791564,15625,716458,563195367791564,563195360792709,563195377377553,563195359759532,
0,21833856,563195353437306,563195353437306,0,563195354606564,563195354611720,563195355407189,563195355565991,563195381633843,563195354554012,8261611,563195357994272,563195360941824,563195361193491,563195368983230,563195376229532,14375,193229,563195376229532,563195369434636,563195385661459,563195368983230,
0,21833864,563195361732909,563195361732909,0,563195364387709,563195364397136,563195365156564,563195365316772,563195389895454,563195364316407,8261127,563195367449845,563195369628334,563195369797657,563195376960157,563195383823803,15729,243593,563195383823803,563195377496043,563195393892761,563195376960157,
0,21833872,563195369983788,563195369983788,0,563195372952761,563195372957397,563195373809793,563195373978022,563195398156581,563195372898074,8260250,563195375611928,563195377660939,563195377900574,563195385410001,563195392386251,13541,355312,563195392386251,563195386067814,563195402178751,563195385410001,
0,21833880,563195378227064,563195378227064,0,563195379425626,563195379430366,563195382078386,563195382335782,563195406416831,563195379370678,8259403,563195384069897,563195386204011,563195386431043,563195399559376,563195405482136,19583,247187,563195405482136,563195400051095,563195418721980,563195399559376,
0,21833888,563195386470646,563195386470646,0,563195388759741,563195388764845,563195401707918,563195401826303,563195414676234,563195388709636,8259169,563195403880782,563195403972709,563195404283126,563195410567866,563195416834428,23646,294687,563195416834428,563195411133699,563195426964845,563195410567866,
0,21833896,563195394709456,563195402967678,0,563195406542136,563195406545418,563195407186980,563195407279168,563195431173988,563195406286043,8258222,563195408360834,563195411255522,563195411621251,563195420490261,563195429106876,18125,293490,563195429106876,563195421100991,563195435203855,563195420490261,
0,21833904,563195411217723,563195411217723,0,563195412442605,563195412446095,563195413012032,563195413108751,563195439432210,563195412408439,8257612,563195414299324,563195421347605,563195421687449,563195429882605,563195437940730,24792,225157,563195437940730,563195430436876,563195443460886,563195429882605,
0,21833912,563195419475335,563195419475335,0,563195423263126,563195423268282,563195424578647,563195424760366,563195447689822,563195423198230,8257204,563195426736564,563195430589741,563195430824324,563195438978803,563195445704636,15417,400104,563195445704636,563195439811616,563195459997293,563195438978803,
0,21833920,563195427729871,563195427729871,0,563195432901095,563195432907657,563195433919324,563195434086147,563195455947026,563195432830314,8257204,563195436562501,563195440095939,563195440372293,563195446011147,563195453870470,17604,171667,563195453870470,563195446552970,563195468310209,563195446011147,
0,21833928,563195435984779,563195435984779,0,563195441591616,563195441595939,563195442553334,563195442754116,563195464204230,563195441534793,8256352,563195445255678,563195446646616,563195446849272,563195453513595,563195462174689,14740,619062,563195462174689,563195454655991,563195476508439,563195453513595,
0,21833935,563195444233642,563195444233642,0,563195448090886,563195448095939,563195449666928,563195449828543,563195472460582,563195448039376,8256352,563195452106772,563195454828439,563195455122032,563195463980470,563195472912345,19114,233281,563195472912345,563195465035366,563195484694168,563195463980470,
0,21833943,563195452489994,563195452489994,0,563195457952345,563195457957084,563195458774949,563195458953178,563195488925716,563195457894480,8256352,563195460799584,563195465190418,563195465527814,563195475008595,563195482824741,18177,299427,563195482824741,563195475643126,563195492926355,563195475008595,
0,21833951,563195460752421,563195469009683,0,563195470942814,563195470948595,563195473655834,563195473821668,563195497182068,563195470493595,8257262,563195475415834,563195475761511,563195476302084,563195484118543,563195490358022,16511,275990,563195490358022,563195484778959,563195501255626,563195484118543,
0,21833960,563195477281234,563195477281234,0,563195480166043,563195480170678,563195483501355,563195483672032,563195505439330,563195480104480,8256922,563195484236199,563195485449428,563195485657397,563195488401251,563195494594428,19271,1755885,563195494594428,563195490482136,563195509484324,563195488401251,
0,21833968,563195485532493,563195485532493,0,563195486725105,563195486728543,563195509049011,563195509182449,563195513696252,563195486689428,8256431,563195512638334,563195512703230,563195512896876,563195522043803,563195528672345,24427,215313,563195528672345,563195522625522,563195542740001,563195522043803,
0,21833977,563195502015957,563195510271410,0,563195514141980,563195514144949,563195515305886,563195515456407,563195546737745,563195513920574,8255453,563195515868751,563195522772605,563195522963230,563195535644376,563195539610105,13021,653073,563195539610105,563195536636720,563195551015939,563195535644376,
0,21833984,563195518526863,563195518526863,0,563195524504220,563195524513543,563195524516147,563195524651095,563195554993198,563195523965470,8255453,563195525314480,563195536864220,563195537118439,563195548325886,563195552180678,16354,189531,563195552180678,563195548868543,563195567328022,563195548325886,
0,21833991,563195526782316,563195535037769,0,563195538699376,563195538705626,563195538708803,563195538894584,563195563248651,563195538326407,8255453,563195542233959,563195549006720,563195549200261,563195559099532,563195564358543,13386,507604,563195564358543,563195560500261,563195575492657,563195559099532,
0,21834000,563195543293747,563195543293747,0,563195550548803,563195550553386,563195550556355,563195550721511,563195579726247,563195550492397,8255630,563195551629689,563195560832657,563195561069949,563195570757761,563195574492709,17969,311979,563195574492709,563195571530209,563195592152918,563195570757761,
0,21834007,563195551594678,563195559852026,0,563195562933751,563195562939584,563195562942866,563195563166720,563195587981877,563195562488543,8257348,563195564436564,563195571735522,563195571977397,563195577575782,563195581237918,106094,186875,563195581237918,563195578070574,563195600241095,563195577575782,
0,21834016,563195568163847,563195568163847,0,563195574838699,563195574844793,563195574847970,563195575052709,563195596239225,563195574748178,8259816,563195575912866,563195578197553,563195578467136,563195585395782,563195588888855,13177,162916,563195588888855,563195585832813,563195608577970,563195585395782,
0,21834023,563195576436840,563195576436840,0,563195579852866,563195579858334,563195579861355,563195580294532,563195604499041,563195579788751,8261198,563195583233803,563195585959480,563195586156720,563195592214532,563195596487501,13802,206562,563195596487501,563195592712501,563195616844376,563195592214532,
0,21834031,563195584698038,563195584698038,0,563195587225730,563195587230938,563195587234063,563195587380418,563195612760239,563195587172761,8259722,563195588151095,563195592885522,563195593100626,563195602207761,563195605903907,741979,364688,563195605903907,563195602882397,563195625013178,563195602207761,
0,21834039,563195592921965,563195592921965,0,563195594356824,563195594361668,563195594364793,563195594519636,563195621019961,563195594307709,8259722,563195595371199,563195603080626,563195603290574,563195611626511,563195615687553,13802,377917,563195615687553,563195612337188,563195633315834,563195611626511,
0,21834047,563195601183864,563195601183864,0,563195604506980,563195604512136,563195604515261,563195604696043,563195629279683,563195604445313,8259805,563195607514897,563195612529688,563195612778074,563195621364272,563195626922032,16250,199896,563195626922032,563195621827188,563195641569636,563195621364272,
0,21834055,563195609402129,563195609402129,0,563195616376355,563195616383751,563195616386772,563195616586095,563195637539488,563195616290209,8257334,563195618402866,563195621949480,563195622163282,563195628373074,563195631906824,13594,161667,563195631906824,563195628841043,563195649788334,563195628373074,
0,21834064,563195625893684,563195625893684,0,563195626952345,563195626968959,563195626971928,563195627239428,563195645796822,563195626801407,8255404,563195628252761,563195628934324,563195629118959,563195635724376,563195639438699,14219,253490,563195639438699,563195636240626,563195658064011,563195635724376,
0,21834072,563195634124724,563195634124724,0,563195635072032,563195635079376,563195635083178,563195635273751,563195654052226,563195634992397,8255041,563195636203595,563195636341511,563195636485157,563195644607449,563195648319376,13802,201615,563195648319376,563195645187293,563195666347032,563195644607449,
0,21834080,563195642371825,563195642371825,0,563195643911980,563195643918699,563195643922032,563195644180209,563195662307267,563195643837605,8254581,563195645185834,563195645317241,563195645578230,563195654785209,563195659941980,22604,211302,563195659941980,563195655292032,563195674516407,563195654785209,
0,21834088,563195650618124,563195650618124,0,563195652541355,563195652547970,563195652550574,563195652757084,563195670561848,563195651978230,8254581,563195653530782,563195655424376,563195655699949,563195661767866,563195665177449,13594,137291,563195665177449,563195662149845,563195682828751,563195661767866,
0,21834096,563195658855757,563195658855757,0,563195659674272,563195659682345,563195659686147,563195659887813,563195678816429,563195659594532,8253621,563195661230782,563195662232813,563195662389949,563195667385418,563195670853022,14792,232500,563195670853022,563195667878699,563195691138282,563195667385418,
0,21834111,563195667098102,563195667098102,0,563195667764793,563195667772188,563195667776355,563195667982345,563195687070050,563195667688334,8252867,563195669097605,563195669189063,563195669381876,563195676464741,563195680255626,19895,188802,563195680255626,563195676963595,563195699408543,563195676464741,
0,21834119,563195675349894,563195675349894,0,563195675942761,563195675948334,563195675950938,563195676164272,563195695322917,563195675886095,8252422,563195676864741,563195677095105,563195677398699,563195686585522,563195691790366,26042,235261,563195691790366,563195687139428,563195707694011,563195686585522,
0,21834127,563195683592769,563195683592769,0,563195684971980,563195684991563,563195684994845,563195685322449,563195703575339,563195684762709,8252146,563195686411355,563195687265209,563195687490730,563195695644116,563195700940470,17448,878229,563195700940470,563195696848595,563195715955730,563195695644116,
0,21834135,563195691841593,563195691841593,0,563195692898959,563195692904011,563195692906407,563195693057136,563195711827485,563195692838595,8252146,563195693801616,563195696976876,563195697193595,563195706595209,563195711608803,14687,306875,563195711608803,563195707184272,563195724229741,563195706595209,
0,21834143,563195700091014,563195700091014,0,563195700860053,563195700865991,563195700869220,563195701039272,563195720079631,563195700790834,8250369,563195701890418,563195707345313,563195707550209,563195718319168,563195722079428,16302,299063,563195722079428,563195718968907,563195732533907,563195718319168,
0,21834151,563195708336424,563195708336424,0,563195709988959,563195709995053,563195709999220,563195710197293,563195736508787,563195709923595,8250369,563195711302761,563195719242501,563195719509949,563195728665678,563195732459532,20729,246666,563195732459532,563195729207709,563195749105886,563195728665678,
0,21834159,563195716596384,563195724846798,0,563195725415313,563195725420626,563195725423178,563195725565366,563195744759156,563195724880626,8250414,563195726257345,563195729318386,563195729547709,563195738788178,563195744190053,15261,274947,563195744190053,563195739443907,563195757200418,563195738788178,
0,21834167,563195733153349,563195733153349,0,563195734043647,563195734048178,563195734050418,563195734182657,563195753009570,563195733990730,8253812,563195734864220,563195739666928,563195739951876,563195750314741,563195754483699,17187,333490,563195754483699,563195751107553,563195765449532,563195750314741,
0,21834175,563195741407161,563195741407161,0,563195742805001,563195742809897,563195742812345,563195742982553,563195769581451,563195742735157,8259419,563195743876824,563195751342553,563195751636772,563195761379897,563195765256720,22031,286250,563195765256720,563195762044272,563195781935574,563195761379897,
0,21834183,563195749739540,563195749739540,0,563195752649845,563195752653334,563195752655730,563195752791251,563195777840870,563195752609584,8262779,563195753579688,563195762241980,563195762479845,563195769627501,563195775049428,17917,243073,563195775049428,563195770219428,563195790188959,563195769627501,
0,21834191,563195758051211,563195758051211,0,563195763673491,563195763677866,563195763681095,563195763936459,563195786103649,563195763615991,8262035,563195764998230,563195770351199,563195770612032,563195781556043,563195785894949,23490,993020,563195785894949,563195782902136,563195798605470,563195781556043,
0,21834198,563195766299608,563195766299608,0,563195771976147,563195771980001,563195771982449,563195772144168,563195794365684,563195771935209,8262035,563195772964480,563195783160418,563195783448074,563195793361824,563195797044636,19428,346407,563195797044636,563195793957188,563195806680157,563195793361824,
0,21834206,563195774561643,563195782824864,0,563195784969376,563195784974324,563195784977449,563195785150053,563195811014414,563195784590834,8263221,563195785951199,563195794153282,563195794416772,563195798264116,563195802239793,26875,274011,563195802239793,563195798752813,563195814941928,563195798264116,
0,21834215,563195791063611,563195791063611,0,563195797923855,563195797929428,563195797932553,563195798102032,563195819277635,563195797841251,8260924,563195798621199,563195798842605,563195799091407,563195802278699,563195807845626,15573,200990,563195807845626,563195802705470,563195823237501,563195802278699,
0,21834261,563198969003001,563198969003001,0,563198970810625,563198970820833,563198998980104,563198999142396,563198985669667,563198970047916,16501000,563199003207916,563199003276718,563199004801771,563199015386875,563199032804479,54375,519948,563199032804479,563199016402031,563194642653022,563199015386875,
0,21834268,563198985504001,563199002005001,0,563199007628281,563199007631041,563199008952448,563199009093489,563199051673667,563199007337760,16501000,563199009320677,563199016606041,563199016845729,563199019006927,563199039379739,13125,14338906,563199039379739,563199033728021,563194659206408,563199019006927,
0,21834325,563209003703202,563209003703202,0,563209005311610,563209005324110,563209043431558,563209043603381,563209020369868,563209005102340,16666666,563209047735152,563209047811246,563209048107183,563209058572704,563209075701663,145938,250782,563209075701663,563209059229163,563194667404845,563209058572704,
0,21834332,563209038490332,563209038490332,0,563209050684683,563209050686819,563209051781767,563209051920465,563209103703198,563209050622704,16666666,563209052256558,563209059360725,563209059574110,563209061718121,563209081953538,15365,14085208,563209081953538,563209076384788,563194675713908,563209061718121,
---PROFILEDATA---


View hierarchy:

  com.paifa.ubikitouch/com.paifa.ubikitouch.app.MainActivity/android.view.ViewRootImpl@416ec7e
  10 views, 19.06 kB of render nodes

  /android.view.ViewRootImpl@6c7dce7
  9 views, 18.43 kB of render nodes


Total ViewRootImpl   : 2
Total attached Views : 19
Total RenderNode     : 37.49 kB (used) / 81.13 kB (capacity)

