Applications Graphics Acceleration Info:
Uptime: 563247252 Realtime: 610772330

** Graphics info for pid 13529 [com.paifa.ubikitouch] **

Stats since: 563223589124730ns
Total frames rendered: 658
Janky frames: 83 (12.61%)
Janky frames (legacy): 638 (96.96%)
50th percentile: 21ms
90th percentile: 29ms
95th percentile: 32ms
99th percentile: 44ms
Number Missed Vsync: 4
Number High input latency: 1126
Number Slow UI thread: 78
Number Slow bitmap uploads: 0
Number Slow issue draw commands: 83
Number Frame deadline missed: 83
Number Frame deadline missed (legacy): 107
HISTOGRAM: 5ms=0 6ms=0 7ms=0 8ms=0 9ms=0 10ms=2 11ms=15 12ms=42 13ms=53 14ms=21 15ms=11 16ms=17 17ms=25 18ms=38 19ms=42 20ms=50 21ms=46 22ms=33 23ms=34 24ms=40 25ms=35 26ms=48 27ms=18 28ms=17 29ms=8 30ms=11 31ms=9 32ms=11 34ms=16 36ms=8 38ms=0 40ms=1 42ms=0 44ms=2 46ms=1 48ms=1 53ms=1 57ms=0 61ms=1 65ms=0 69ms=0 73ms=0 77ms=1 81ms=0 85ms=0 89ms=0 93ms=0 97ms=0 101ms=0 105ms=0 109ms=0 113ms=0 117ms=0 121ms=0 125ms=0 129ms=0 133ms=0 150ms=0 200ms=0 250ms=0 300ms=0 350ms=0 400ms=0 450ms=0 500ms=0 550ms=0 600ms=0 650ms=0 700ms=0 750ms=0 800ms=0 850ms=0 900ms=0 950ms=0 1000ms=0 1050ms=0 1100ms=0 1150ms=0 1200ms=0 1250ms=0 1300ms=0 1350ms=0 1400ms=0 1450ms=0 1500ms=0 1550ms=0 1600ms=0 1650ms=0 1700ms=0 1750ms=0 1800ms=0 1850ms=0 1900ms=0 1950ms=0 2000ms=0 2050ms=0 2100ms=0 2150ms=0 2200ms=0 2250ms=0 2300ms=0 2350ms=0 2400ms=0 2450ms=0 2500ms=0 2550ms=0 2600ms=0 2650ms=0 2700ms=0 2750ms=0 2800ms=0 2850ms=0 2900ms=0 2950ms=0 3000ms=0 3050ms=0 3100ms=0 3150ms=0 3200ms=0 3250ms=0 3300ms=0 3350ms=0 3400ms=0 3450ms=0 3500ms=0 3550ms=0 3600ms=0 3650ms=0 3700ms=0 3750ms=0 3800ms=0 3850ms=0 3900ms=0 3950ms=0 4000ms=0 4050ms=0 4100ms=0 4150ms=0 4200ms=0 4250ms=0 4300ms=0 4350ms=0 4400ms=0 4450ms=0 4500ms=0 4550ms=0 4600ms=0 4650ms=0 4700ms=0 4750ms=0 4800ms=0 4850ms=0 4900ms=0 4950ms=0
50th gpu percentile: 8ms
90th gpu percentile: 10ms
95th gpu percentile: 12ms
99th gpu percentile: 16ms
GPU HISTOGRAM: 1ms=0 2ms=0 3ms=0 4ms=63 5ms=75 6ms=52 7ms=86 8ms=117 9ms=141 10ms=62 11ms=27 12ms=16 13ms=6 14ms=3 15ms=3 16ms=2 17ms=2 18ms=1 19ms=2 20ms=0 21ms=0 22ms=0 23ms=0 24ms=0 25ms=0 4950ms=0

Pipeline=Skia (OpenGL)
Memory policy:
  Max surface area: 2592000
  Max resource usage: 373.25MB (x144)
  Background retention: 50% (altUiHidden = true)
  GPU Context timeout: 10
Contexts: 2 (stopped = 0)
CPU Caches:
  Glyph Cache: 1.37 MB (1 entry)
  Shadows: 8.70 KB (7 entries)
  Glyph Count: 179 
Total CPU memory usage:
  1442607 bytes, 1.38 MB (0.00 bytes is purgeable)
GPU Caches:
  SW Path Mask:
    Texture: 1.47 MB (4 entries)
  Other:
    Other: 70.16 KB (1 entry)
    Buffer Object: 2.49 KB (4 entries)
    StencilAttachment: 8.00 MB (1 entry)
  Image:
    Texture: 406.33 KB (55 entries)
  Scratch:
    RenderTarget: 325.19 MB (327 entries)
    Buffer Object: 78.00 KB (2 entries)
    Texture: 8.29 MB (23 entries)
Total GPU memory usage:
  360173184 bytes, 343.49 MB (6.01 MB is purgeable)

Profile data in ms:

	com.paifa.ubikitouch/com.paifa.ubikitouch.app.MainActivity/android.view.ViewRootImpl@416ec7e (visibility=0)
Window: com.paifa.ubikitouch/com.paifa.ubikitouch.app.MainActivity
Stats since: 563223587770928ns
Total frames rendered: 0
Janky frames: 0 (0.00%)
Janky frames (legacy): 0 (0.00%)
50th percentile: 4950ms
90th percentile: 4950ms
95th percentile: 4950ms
99th percentile: 4950ms
Number Missed Vsync: 0
Number High input latency: 0
Number Slow UI thread: 0
Number Slow bitmap uploads: 0
Number Slow issue draw commands: 0
Number Frame deadline missed: 0
Number Frame deadline missed (legacy): 0
HISTOGRAM: 5ms=0 6ms=0 7ms=0 8ms=0 9ms=0 10ms=0 11ms=0 12ms=0 13ms=0 14ms=0 15ms=0 16ms=0 17ms=0 18ms=0 19ms=0 20ms=0 21ms=0 22ms=0 23ms=0 24ms=0 25ms=0 26ms=0 27ms=0 28ms=0 29ms=0 30ms=0 31ms=0 32ms=0 34ms=0 36ms=0 38ms=0 40ms=0 42ms=0 44ms=0 46ms=0 48ms=0 53ms=0 57ms=0 61ms=0 65ms=0 69ms=0 73ms=0 77ms=0 81ms=0 85ms=0 89ms=0 93ms=0 97ms=0 101ms=0 105ms=0 109ms=0 113ms=0 117ms=0 121ms=0 125ms=0 129ms=0 133ms=0 150ms=0 200ms=0 250ms=0 300ms=0 350ms=0 400ms=0 450ms=0 500ms=0 550ms=0 600ms=0 650ms=0 700ms=0 750ms=0 800ms=0 850ms=0 900ms=0 950ms=0 1000ms=0 1050ms=0 1100ms=0 1150ms=0 1200ms=0 1250ms=0 1300ms=0 1350ms=0 1400ms=0 1450ms=0 1500ms=0 1550ms=0 1600ms=0 1650ms=0 1700ms=0 1750ms=0 1800ms=0 1850ms=0 1900ms=0 1950ms=0 2000ms=0 2050ms=0 2100ms=0 2150ms=0 2200ms=0 2250ms=0 2300ms=0 2350ms=0 2400ms=0 2450ms=0 2500ms=0 2550ms=0 2600ms=0 2650ms=0 2700ms=0 2750ms=0 2800ms=0 2850ms=0 2900ms=0 2950ms=0 3000ms=0 3050ms=0 3100ms=0 3150ms=0 3200ms=0 3250ms=0 3300ms=0 3350ms=0 3400ms=0 3450ms=0 3500ms=0 3550ms=0 3600ms=0 3650ms=0 3700ms=0 3750ms=0 3800ms=0 3850ms=0 3900ms=0 3950ms=0 4000ms=0 4050ms=0 4100ms=0 4150ms=0 4200ms=0 4250ms=0 4300ms=0 4350ms=0 4400ms=0 4450ms=0 4500ms=0 4550ms=0 4600ms=0 4650ms=0 4700ms=0 4750ms=0 4800ms=0 4850ms=0 4900ms=0 4950ms=0
50th gpu percentile: 4950ms
90th gpu percentile: 4950ms
95th gpu percentile: 4950ms
99th gpu percentile: 4950ms
GPU HISTOGRAM: 1ms=0 2ms=0 3ms=0 4ms=0 5ms=0 6ms=0 7ms=0 8ms=0 9ms=0 10ms=0 11ms=0 12ms=0 13ms=0 14ms=0 15ms=0 16ms=0 17ms=0 18ms=0 19ms=0 20ms=0 21ms=0 22ms=0 23ms=0 24ms=0 25ms=0 4950ms=0



---PROFILEDATA---
Flags,FrameTimelineVsyncId,IntendedVsync,Vsync,InputEventId,HandleInputStart,AnimationStart,PerformTraversalsStart,DrawStart,FrameDeadline,FrameInterval,FrameStartTime,SyncQueued,SyncStart,IssueDrawCommandsStart,SwapBuffers,FrameCompleted,DequeueBufferDuration,QueueBufferDuration,GpuCompleted,SwapBuffersCompleted,DisplayPresentTime,CommandSubmissionCompleted,
---PROFILEDATA---


	/android.view.ViewRootImpl@6c7dce7 (visibility=0)
Window: 
Stats since: 563223589123897ns
Total frames rendered: 658
Janky frames: 83 (12.61%)
Janky frames (legacy): 638 (96.96%)
50th percentile: 21ms
90th percentile: 29ms
95th percentile: 32ms
99th percentile: 44ms
Number Missed Vsync: 4
Number High input latency: 1126
Number Slow UI thread: 78
Number Slow bitmap uploads: 0
Number Slow issue draw commands: 83
Number Frame deadline missed: 83
Number Frame deadline missed (legacy): 107
HISTOGRAM: 5ms=0 6ms=0 7ms=0 8ms=0 9ms=0 10ms=2 11ms=15 12ms=42 13ms=53 14ms=21 15ms=11 16ms=17 17ms=25 18ms=38 19ms=42 20ms=50 21ms=46 22ms=33 23ms=34 24ms=40 25ms=35 26ms=48 27ms=18 28ms=17 29ms=8 30ms=11 31ms=9 32ms=11 34ms=16 36ms=8 38ms=0 40ms=1 42ms=0 44ms=2 46ms=1 48ms=1 53ms=1 57ms=0 61ms=1 65ms=0 69ms=0 73ms=0 77ms=1 81ms=0 85ms=0 89ms=0 93ms=0 97ms=0 101ms=0 105ms=0 109ms=0 113ms=0 117ms=0 121ms=0 125ms=0 129ms=0 133ms=0 150ms=0 200ms=0 250ms=0 300ms=0 350ms=0 400ms=0 450ms=0 500ms=0 550ms=0 600ms=0 650ms=0 700ms=0 750ms=0 800ms=0 850ms=0 900ms=0 950ms=0 1000ms=0 1050ms=0 1100ms=0 1150ms=0 1200ms=0 1250ms=0 1300ms=0 1350ms=0 1400ms=0 1450ms=0 1500ms=0 1550ms=0 1600ms=0 1650ms=0 1700ms=0 1750ms=0 1800ms=0 1850ms=0 1900ms=0 1950ms=0 2000ms=0 2050ms=0 2100ms=0 2150ms=0 2200ms=0 2250ms=0 2300ms=0 2350ms=0 2400ms=0 2450ms=0 2500ms=0 2550ms=0 2600ms=0 2650ms=0 2700ms=0 2750ms=0 2800ms=0 2850ms=0 2900ms=0 2950ms=0 3000ms=0 3050ms=0 3100ms=0 3150ms=0 3200ms=0 3250ms=0 3300ms=0 3350ms=0 3400ms=0 3450ms=0 3500ms=0 3550ms=0 3600ms=0 3650ms=0 3700ms=0 3750ms=0 3800ms=0 3850ms=0 3900ms=0 3950ms=0 4000ms=0 4050ms=0 4100ms=0 4150ms=0 4200ms=0 4250ms=0 4300ms=0 4350ms=0 4400ms=0 4450ms=0 4500ms=0 4550ms=0 4600ms=0 4650ms=0 4700ms=0 4750ms=0 4800ms=0 4850ms=0 4900ms=0 4950ms=0
50th gpu percentile: 8ms
90th gpu percentile: 10ms
95th gpu percentile: 12ms
99th gpu percentile: 16ms
GPU HISTOGRAM: 1ms=0 2ms=0 3ms=0 4ms=63 5ms=75 6ms=52 7ms=86 8ms=117 9ms=141 10ms=62 11ms=27 12ms=16 13ms=6 14ms=3 15ms=3 16ms=2 17ms=2 18ms=1 19ms=2 20ms=0 21ms=0 22ms=0 23ms=0 24ms=0 25ms=0 4950ms=0



---PROFILEDATA---
Flags,FrameTimelineVsyncId,IntendedVsync,Vsync,InputEventId,HandleInputStart,AnimationStart,PerformTraversalsStart,DrawStart,FrameDeadline,FrameInterval,FrameStartTime,SyncQueued,SyncStart,IssueDrawCommandsStart,SwapBuffers,FrameCompleted,DequeueBufferDuration,QueueBufferDuration,GpuCompleted,SwapBuffersCompleted,DisplayPresentTime,CommandSubmissionCompleted,
0,21841425,563237388122676,563237388122676,-922806216,563237389177537,563237390757641,563237401950923,563237402115558,563237416312167,563237389106183,8257576,563237404096964,563237404198735,563237404359985,563237412104256,563237417332016,27500,195625,563237417332016,563237412636391,563237428745610,563237412104256,
0,21841440,563237396372978,563237404631102,-151120632,563237405129985,563237405995298,563237407401443,563237407661600,563237432819646,563237404873839,8258124,563237408836964,563237412730350,563237412935193,563237416750558,563237423949985,12343,386979,563237423949985,563237417411287,563237437239673,563237416750558,
0,21841463,563237421149764,563237421149764,-231642868,563237421752693,563237421757745,563237424221287,563237424372537,563237441077770,563237421709308,8259077,563237425076079,563237425155975,563237425420193,563237430885975,563237439039204,32343,240781,563237439039204,563237431467850,563237445192381,563237430885975,
0,21841471,563237429428757,563237429428757,0,563237430165662,563237430172485,563237431212902,563237431356860,563237449336847,563237430099620,8259077,563237433136183,563237433188631,563237433371600,563237439245402,563237446735662,41146,212865,563237446735662,563237439827641,563237453480141,563237439245402,
0,21841479,563237437712839,563237437712839,0,563237438668631,563237438674360,563237439909516,563237440155402,563237457595924,563237438598995,8264440,563237441998370,563237442098006,563237442296600,563237449506443,563237455607954,23490,236719,563237455607954,563237450214256,563237470175818,563237449506443,
0,21841487,563237446042893,563237446042893,0,563237446841287,563237446849516,563237448292589,563237448496287,563237465860364,563237446759360,8264394,563237450487693,563237450563631,563237450802589,563237458235402,563237466190766,23385,254740,563237466190766,563237459004829,563237478228110,563237458235402,
0,21841494,563237454307287,563237454307287,0,563237455503370,563237455520975,563237465624464,563237465789985,563237482502741,563237455366808,8264394,563237467434933,563237467526652,563237467743318,563237473852016,563237479162641,26250,231875,563237479162641,563237474441912,563237494774360,563237473852016,
0,21841502,563237462571446,563237462571446,0,563237469528423,563237469532798,563237471517589,563237471623475,563237490767135,563237469476600,8264664,563237472590037,563237474545402,563237474687329,563237479948579,563237485526287,17031,194011,563237485526287,563237480545975,563237503035662,563237479948579,
0,21841510,563237470836110,563237470836110,0,563237475254152,563237475257277,563237475782641,563237475855141,563237499031799,563237475220766,8266439,563237476925714,563237480651756,563237480851912,563237486803943,563237493082329,19011,253906,563237493082329,563237487457902,563237511305714,563237486803943,
0,21841517,563237479135181,563237479135181,0,563237483121495,563237483127798,563237484160089,563237484376600,563237507298238,563237483059152,8266439,563237486508735,563237487619985,563237488050662,563237495098423,563237501333214,666042,246354,563237501333214,563237495902537,563237519564308,563237495098423,
0,21841525,563237487401620,563237487401620,0,563237489367954,563237489373787,563237490343631,563237490547173,563237515564677,563237489309933,8265809,563237492575141,563237496182589,563237496454256,563237502732016,563237509886027,19218,247031,563237509886027,563237503338006,563237527796339,563237502732016,
0,21841533,563237495649569,563237495649569,0,563237497866183,563237497873423,563237498972537,563237499164829,563237523830486,563237497794256,8264990,563237502437120,563237503471600,563237503698266,563237511297745,563237518095558,1084115,258437,563237518095558,563237511922277,563237536174829,563237511297745,
0,21841541,563237503897432,563237503897432,0,563237506599308,563237506605714,563237509150662,563237509662016,563237532095476,563237506517641,8264359,563237511107120,563237512076704,563237512288527,563237522985662,563237526101547,1558281,223907,563237526101547,563237523572641,563237544299620,563237522985662,
0,21841549,563237512148181,563237512148181,0,563237514547277,563237514552798,563237517514516,563237517689985,563237540359835,563237514494777,8264359,563237518510141,563237523797537,563237524185610,563237528645141,563237532558214,17396,237292,563237532558214,563237529300089,563237552469412,563237528645141,
0,21841557,563237520407110,563237520407110,0,563237527009464,563237527018058,563237528724100,563237528876547,563237548624194,563237526936079,8264014,563237530694672,563237530756131,563237530933162,563237536746027,563237540594412,18125,288438,563237540594412,563237537687016,563237560792016,563237536746027,
0,21841565,563237528663091,563237528663091,0,563237531908995,563237531913995,563237532951704,563237533119047,563237556888208,563237531847329,8263341,563237535442693,563237537870922,563237538141808,563237543048318,563237548167225,24844,213489,563237548167225,563237543737016,563237569097068,563237543048318,
0,21841573,563237536912251,563237536912251,0,563237539386756,563237539392225,563237540384725,563237540548891,563237565151549,563237539335193,8263876,563237543933214,563237543996912,563237544208214,563237550413162,563237555392485,1917552,221041,563237555392485,563237551063422,563237577380297,563237550413162,
0,21841581,563237545186604,563237545186604,0,563237546243787,563237546250141,563237547142745,563237547314725,563237573415425,563237546172381,8262748,563237549016652,563237551209620,563237551493891,563237560073422,563237564545245,3153333,242291,563237564545245,563237560815818,563237585624412,563237560073422,
0,21841589,563237553428960,563237553428960,0,563237554216183,563237554223162,563237555341860,563237555520037,563237581678173,563237554149360,8262748,563237557203422,563237560995610,563237561238110,563237567717172,563237572591339,1993073,268437,563237572591339,563237568324829,563237593796547,563237567717172,
0,21841597,563237561648039,563237561648039,0,563237562718475,563237562725141,563237563558370,563237563728266,563237589940921,563237562652277,8260243,563237565252068,563237568515558,563237568720402,563237575057120,563237580607850,1940209,225625,563237580607850,563237575686339,563237602051287,563237575057120,
0,21841605,563237569887532,563237569887532,0,563237570723318,563237570728058,563237571433110,563237571572381,563237598201164,563237570675089,8258050,563237572862589,563237575876183,563237576181339,563237585627120,563237590790193,2838802,211407,563237590790193,563237587146547,563237610332485,563237585627120,
0,21841613,563237578135305,563237578135305,0,563237579040245,563237579047225,563237580095714,563237580292172,563237606459214,563237578978943,8257051,563237582848370,563237587331495,563237587613058,563237593677016,563237598135245,19843,435573,563237598135245,563237595157693,563237618599256,563237593677016,
0,21841621,563237586384388,563237586384388,0,563237589149256,563237589153995,563237590040922,563237590214620,563237614716265,563237589094672,8255776,563237594043527,563237595318266,563237595581495,563237601392277,563237605603683,22604,253021,563237605603683,563237602121079,563237626895870,563237601392277,
0,21841629,563237594628757,563237594628757,0,563237596900037,563237596905454,563237597829516,563237598005506,563237622972041,563237596846495,8252962,563237600513943,563237602889985,563237603235193,563237607785766,563237613093214,352396,241875,563237613093214,563237608558995,563237635125818,563237607785766,
0,21841637,563237602848419,563237602848419,0,563237604521443,563237604526964,563237605473214,563237605666547,563237631225003,563237604466391,8251498,563237609095454,563237609172120,563237609369568,563237615912329,563237622279204,2365469,230209,563237622279204,563237617505454,563237643692016,563237615912329,
0,21841645,563237611082153,563237611082153,0,563237611949204,563237611956391,563237612869256,563237613040193,563237639476501,563237611870506,8251498,563237614563475,563237617667016,563237617852172,563237624668370,563237630478110,2134062,208854,563237630478110,563237625405402,563237651905766,563237624668370,
0,21841653,563237619326881,563237619326881,0,563237620602693,563237620609672,563237635886027,563237636174985,563237647727999,563237620536183,8250817,563237638323370,563237638427589,563237638626964,563237644390141,563237648838266,27448,254271,563237648838266,563237645010350,563237659901912,563237644390141,
0,21841661,563237627614008,563237635867425,0,563237641990141,563237641997537,563237643347850,563237644357797,563237663996815,563237641514829,8253417,563237646070818,563237646500350,563237646677381,563237651701339,563237656964777,16250,597708,563237656964777,563237653108162,563237668150402,563237651701339,
0,21841670,563237644114274,563237644114274,0,563237647606495,563237647611183,563237648512068,563237648708787,563237672250232,563237647557277,8252817,563237650488891,563237653273787,563237653548475,563237657198631,563237663115714,13803,184375,563237663115714,563237657743370,563237676435766,563237657198631,
0,21841693,563237660780107,563237660780107,-190200149,563237664577016,563237665515089,563237667619829,563237667753995,563237680503049,563237664544256,8261779,563237668862225,563237668937797,563237669203422,563237672837902,563237677393527,27032,279583,563237677393527,563237673581235,563237692917016,563237672837902,
0,21841708,563237669009907,563237669009907,-111213815,563237670599620,563237671792954,563237672707329,563237672841600,563237688764828,563237670549777,8260971,563237674205870,563237674275350,563237674508891,563237678113891,563237682611964,24271,186979,563237682611964,563237678676495,563237701165089,563237678113891,
0,21841722,563237677270878,563237677270878,-982108967,563237677906183,563237679191235,563237680195193,563237680354620,563237697025799,563237677846912,8260971,563237681898839,563237681969204,563237682165350,563237685914725,563237691148110,25573,181094,563237691148110,563237686481183,563237709425141,563237685914725,
0,21841737,563237685531849,563237685531849,-417976426,563237686351860,563237687870193,563237688889829,563237689057954,563237705286770,563237686288527,8260812,563237690741652,563237690820350,563237691009412,563237694863527,563237702194204,23021,179948,563237702194204,563237695390506,563237717664672,563237694863527,
0,21841752,563237693786046,563237693786046,-800216552,563237694792068,563237696346704,563237697376131,563237697543318,563237713547582,563237694728006,8260073,563237699229100,563237699310506,563237699505714,563237703373006,563237710713631,26355,181302,563237710713631,563237703938266,563237725926808,563237703373006,
0,21841767,563237702029962,563237702029962,-735623303,563237702980506,563237704601964,563237705720922,563237705901756,563237721807655,563237702913995,8258943,563237707668579,563237707748214,563237707940975,563237711499412,563237718744516,26198,167760,563237718744516,563237712087641,563237734194412,563237711499412,
0,21841782,563237710269125,563237710269125,-150301024,563237711246027,563237712830350,563237715110922,563237715302225,563237730066598,563237711186756,8259759,563237717186391,563237717267120,563237717473266,563237721629464,563237728807902,31407,229427,563237728807902,563237722282016,563237742567641,563237721629464,
0,21841797,563237718530402,563237718530402,-682785382,563237719300922,563237720641495,563237721416443,563237721552850,563237738326357,563237719245454,8258593,563237723129777,563237723208162,563237723392850,563237727270714,563237733050870,19427,1335156,563237733050870,563237728952433,563237750700089,563237727270714,
0,21841812,563237726768993,563237726768993,-638312781,563237727530662,563237728875662,563237729678006,563237729839568,563237746584950,563237727477589,8256329,563237731151704,563237731243058,563237731474933,563237735400089,563237740544100,31823,242657,563237740544100,563237735916235,563237758967172,563237735400089,
0,21841827,563237734996672,563237734996672,-696937661,563237735549829,563237737165297,563237738111547,563237738278631,563237754841279,563237735484152,8255121,563237739954152,563237740114985,563237740287589,563237752133995,563237757256131,26927,316302,563237757256131,563237752845766,563237767247902,563237752133995,
0,21841842,563237743256201,563237743256201,-1061574029,563237744119829,563237745224672,563237749806808,563237749993214,563237771428701,563237743975089,8256165,563237754050766,563237754137485,563237754332120,563237762104047,563237771331183,17760,188542,563237771331183,563237762663214,563237775819204,563237762104047,
0,21841857,563237751512366,563237751512366,-573562624,563237755456860,563237756353579,563237756874777,563237757000818,563237779684866,563237755414777,8255814,563237758130818,563237762853058,563237763066339,563237768264308,563237780969360,14791,2901927,563237780969360,563237771616131,563237783727693,563237768264308,
0,21841872,563237759760599,563237759760599,-352712964,563237764088891,563237765634099,563237766662120,563237766851652,563237796202288,563237763978579,8255522,563237768660297,563237771770402,563237772123422,563237777553474,563237790466183,23021,3168021,563237790466183,563237781263422,563237791950922,563237777553474,
0,21841887,563237768010844,563237768010844,-176583926,563237773145818,563237774850037,563237776434985,563237776638318,563237804457810,563237773083058,8254401,563237778590193,563237781434308,563237781712537,563237787298943,563237797527120,19635,2970468,563237797527120,563237790740662,563237808559568,563237787298943,
0,21841917,563237784570067,563237784570067,-198036684,563237791883787,563237793673839,563237801729829,563237801868683,563237812712211,563237791829881,8255387,563237804563839,563237804613631,563237804743474,563237810499516,563237820897797,26875,191250,563237820897797,563237811079099,563237825149777,563237810499516,
0,21841939,563237801056750,563237801056750,-334895035,563237805894829,563237806758579,563237807249516,563237807356287,563237837513668,563237805855610,8255387,563237808764777,563237811180193,563237811321964,563237815963631,563237830838735,16667,4747969,563237830838735,563237821088474,563237833255818,563237815963631,
0,21841953,563237809279487,563237809279487,-480960254,563237811832381,563237812783162,563237813338787,563237813446652,563237845769055,563237811801079,8253227,563237814607433,563237821210193,563237821440349,563237829846860,563237838629256,19063,743229,563237838629256,563237831086339,563237850048891,563237829846860,
0,21841968,563237817532714,563237817532714,-92947327,563237823794881,563237825470297,563237827037902,563237827240818,563237854022282,563237823709464,8253010,563237829634464,563237831231756,563237831493058,563237836845193,563237848398266,19583,1444844,563237848398266,563237838827902,563237858052954,563237836845193,
0,21841983,563237825787159,563237834040746,-945366327,563237834881235,563237836113474,563237841339620,563237841490662,563237862275292,563237834324308,8253587,563237843902485,563237843974204,563237844243787,563237851328839,563237861952693,19896,214010,563237861952693,563237851838318,563237866308631,563237851328839,
0,21842005,563237842339033,563237842339033,-542060231,563237845964724,563237847246443,563237848114933,563237848349620,563237870528879,563237845911808,8256142,563237850443683,563237851942120,563237852180454,563237856856183,563237872448214,11302,4964167,563237872448214,563237862197641,563237874515662,563237856856183,
0,21842020,563237850595175,563237850595175,-615878148,563237852895922,563237854073943,563237854903839,563237855181652,563237887030267,563237852851183,8262330,563237857739099,563237862343162,563237862603370,563237871636443,563237879595870,22188,341406,563237879595870,563237872712797,563237891075714,563237871636443,
0,21842035,563237858951658,563237858951658,-1066726106,563237863561391,563237865047693,563237866092016,563237866298058,563237895292597,563237863510454,8261276,563237869170870,563237872890297,563237873165922,563237877037329,563237887388214,16250,2333958,563237887388214,563237879750818,563237899404829,563237877037329,
0,21842050,563237867189827,563237867189827,-642804800,563237874160870,563237875594672,563237883614256,563237883770506,563237903553873,563237874113422,8260223,563237885609360,563237885700662,563237885883474,563237890815402,563237897541235,30834,236875,563237897541235,563237891446652,563237907662693,563237890815402,
0,21842064,563237875428794,563237883689017,-300496208,563237886505402,563237887441547,563237888064047,563237888157849,563237911814096,563237886260193,8260223,563237889321860,563237891556287,563237891739724,563237896535662,563237905334516,14323,749480,563237905334516,563237897685922,563237915868214,563237896535662,
0,21842087,563237891902676,563237891902676,-33440150,563237893238370,563237894014933,563237895715558,563237895830662,563237920074319,563237893199777,8258025,563237896922224,563237897793787,563237898041495,563237903317745,563237912760870,15885,1806042,563237912760870,563237905503891,563237924116495,563237903317745,
0,21842102,563237900160701,563237900160701,-809917828,563237900960454,563237902681547,563237903623631,563237903811547,563237928332344,563237900892224,8257911,563237905795818,563237905888995,563237906099881,563237912370349,563237920723214,26355,317135,563237920723214,563237913107902,563237932355193,563237912370349,
0,21842117,563237908419230,563237908419230,-812265349,563237909484204,563237911348995,563237921406443,563237921577172,563237936590255,563237909394620,8257762,563237923580349,563237923688110,563237923904881,563237929145714,563237935367589,32448,268229,563237935367589,563237929923214,563237948947433,563237929145714,
0,21842140,563237933161968,563237933161968,-32502545,563237933645610,563237933650349,563237934224829,563237934330454,563237944828634,563237933608579,8255735,563237935453006,563237935504099,563237935703787,563237941626027,563237950665402,19792,283073,563237950665402,563237942285193,563237957215349,563237941626027,
0,21842148,563237941417703,563237941417703,0,563237942308943,563237942318579,563237943584308,563237943774777,563237969595839,563237942225349,8254601,563237945519933,563237945614724,563237945805089,563237952953474,563237960143266,21615,221354,563237960143266,563237953581912,563237973731079,563237952953474,
0,21842156,563237949655941,563237949655941,0,563237951020089,563237951030818,563237952207381,563237952418683,563237977850440,563237950821599,8255677,563237954497485,563237954571339,563237954776912,563237963045558,563237971530610,19428,248072,563237971530610,563237963720766,563237981969256,563237963045558,
0,21842163,563237957928711,563237957928711,0,563237958952172,563237958959777,563237960507745,563237960692329,563237986106117,563237958858318,8255677,563237962645870,563237963888839,563237964328422,563237971525245,563237980232901,20312,336510,563237980232901,563237972297485,563237990213735,563237971525245,
0,21842171,563237966184388,563237966184388,0,563237967132276,563237967137329,563237978210662,563237978363318,563237994361794,563237967079204,8255436,563237980758631,563237980833422,563237981013683,563237986932016,563237992951339,23646,165729,563237992951339,563237987393579,563238006768526,563237986932016,
0,21842179,563237974442147,563237974442147,0,563237982552381,563237982556235,563237983225037,563237983317641,563238002617230,563237982511547,8255259,563237984314724,563237987479568,563237987651443,563237994230297,563238003837693,13177,265729,563238003837693,563237994976235,563238015004516,563237994230297,
0,21842187,563237982700765,563237982700765,0,563237988579724,563237988584204,563237989325558,563237989467901,563238019129849,563237988530089,8255025,563237991144933,563237995161391,563237995487485,563238002640141,563238011099620,25364,989063,563238011099620,563238004180506,563238023154829,563238002640141,
0,21842194,563237990956428,563237990956428,0,563237998480922,563237998484829,563237999238110,563237999400974,563238027384874,563237998422276,8255025,563238001281131,563238004416443,563238004793943,563238013333058,563238021961651,19688,242448,563238021961651,563238014096964,563238031527485,563238013333058,
0,21842202,563237999211453,563237999211453,0,563238006073943,563238006079672,563238007107016,563238007316183,563238035639899,563238006002433,8258507,563238009472485,563238014261235,563238014475089,563238022776339,563238031011443,17032,188750,563238031011443,563238023267849,563238039748526,563238022776339,
0,21842210,563238007514041,563238007514041,0,563238015737537,563238015742381,563238016992433,563238017240401,563238043898406,563238015671079,8258507,563238019047641,563238023410349,563238023625297,563238029902276,563238038629933,13959,874114,563238038629933,563238031186651,563238048084985,563238029902276,
0,21842218,563238015774636,563238024032193,0,563238025594151,563238025601339,563238028639204,563238028859308,563238052156913,563238025025037,8257557,563238032423422,563238032508422,563238032786495,563238039035349,563238046034464,18489,183073,563238046034464,563238039521131,563238056326079,563238039035349,
0,21842227,563238032258913,563238032258913,0,563238035484151,563238035490141,563238049051183,563238049189933,563238060414470,563238035404204,8257925,563238051574412,563238051690037,563238051929099,563238060979724,563238068095089,143281,186927,563238068095089,563238061506964,563238081022537,563238060979724,
0,21842235,563238040535081,563238048792126,0,563238054512276,563238054516547,563238055204360,563238055322797,563238085215204,563238054182172,8257045,563238056569099,563238061684776,563238061961235,563238069347276,563238077766339,17761,195781,563238077766339,563238069840818,563238089339412,563238069347276,
0,21842243,563238057083078,563238057083078,0,563238063441547,563238063446964,563238064392537,563238064534724,563238093472249,563238063386547,8260376,563238065896651,563238070004776,563238070261599,563238077759620,563238086089985,16562,163021,563238086089985,563238078246391,563238097862329,563238077759620,
0,21842250,563238065343454,563238073603830,0,563238074510818,563238074517641,563238075521131,563238075764308,563238101732625,563238074046651,8260376,563238078306235,563238078361704,563238078620766,563238083516547,563238093260818,23646,2310208,563238093260818,563238086247589,563238105877172,563238083516547,
0,21842259,563238081869887,563238081869887,0,563238082791547,563238082798318,563238083893735,563238084146756,563238109993001,563238082717849,8260637,563238085968579,563238086370870,563238086605870,563238094751391,563238103311391,24323,200886,563238103311391,563238095326599,563238114122693,563238094751391,
0,21842267,563238090113405,563238090113405,0,563238090814256,563238090818735,563238091566339,563238091795558,563238118253638,563238090726808,8259072,563238093389099,563238095541235,563238095897849,563238105043214,563238114016287,15261,242188,563238114016287,563238105759204,563238122403683,563238105043214,
0,21842275,563238098364487,563238098364487,0,563238099343631,563238099352641,563238100616443,563238100856131,563238126512710,563238099273266,8259072,563238103323579,563238105977016,563238106357745,563238116519256,563238125384724,15833,177396,563238125384724,563238116998370,563238130573214,563238116519256,
0,21842283,563238106683109,563238106683109,0,563238107903474,563238107909464,563238108753735,563238108918839,563238134771782,563238107840818,8261775,563238110425818,563238117169516,563238117450558,563238125840662,563238132377537,23229,221927,563238132377537,563238126455610,563238147116131,563238125840662,
0,21842291,563238114946535,563238114946535,0,563238118935349,563238118943006,563238133956547,563238134106339,563238143033557,563238118873266,8262415,563238136114985,563238136197693,563238136448735,563238143731235,563238150403006,30782,175417,563238150403006,563238144219256,563238163714516,563238143731235,
0,21842299,563238123208950,563238131471365,0,563238139016964,563238139021704,563238139692381,563238139797537,563238167925276,563238138726339,8262415,563238140911235,563238144337589,563238144522120,563238151387433,563238160539568,11823,196875,563238160539568,563238151940610,563238171873058,563238151387433,
0,21842307,563238139730764,563238139730764,0,563238146497120,563238146501808,563238147123474,563238147248214,563238176187691,563238146434151,8261045,563238148755870,563238152126756,563238152407433,563238163292745,563238170915454,798386,896771,563238170915454,563238164619047,563238180245870,563238163292745,
0,21842314,563238147967436,563238147967436,0,563238153391704,563238153394620,563238153957016,563238154072745,563238184448736,563238153351704,8261045,563238155295610,563238164873214,563238165195297,563238172867641,563238181505141,20156,518906,563238181505141,563238173747901,563238188590193,563238172867641,
0,21842322,563238156228481,563238164489526,0,563238166845558,563238166851756,563238167916026,563238168522537,563238192709781,563238166481391,8261045,563238170157276,563238173924099,563238174201391,563238181832745,563238188785610,15573,148698,563238188785610,563238182296808,563238196656808,563238181832745,
0,21842331,563238172734027,563238172734027,0,563238175466547,563238175471391,563238176508058,563238176677954,563238200970826,563238175411704,8259593,563238179416860,563238182426391,563238182663943,563238191020714,563238200266026,14219,205469,563238200266026,563238191557224,563238204949776,563238191020714,
0,21842339,563238180991928,563238180991928,0,563238184136912,563238184142485,563238185114203,563238185312589,563238209230419,563238184073787,8260363,563238189203422,563238191695297,563238191976860,563238203146651,563238210423839,4148489,179479,563238210423839,563238203645870,563238221844047,563238203146651,
0,21842347,563238189252291,563238189252291,0,563238193611964,563238193615610,563238194284099,563238194474620,563238225700046,563238193568058,8261779,563238196107901,563238203839620,563238204167901,563238213195818,563238223087849,19635,222292,563238223087849,563238213707693,563238229700141,563238213195818,
0,21842355,563238197540762,563238197540762,0,563238205699203,563238205704672,563238206696131,563238206897120,563238233961825,563238205635558,8260725,563238209503422,563238213890401,563238214145506,563238224778891,563238233203839,14271,150104,563238233203839,563238225168995,563238237941131,563238224778891,
0,21842362,563238205780976,563238214041701,0,563238216349568,563238216361078,563238217356495,563238217554568,563238242222550,563238215574464,8260725,563238220476964,563238225298162,563238225574047,563238232419620,563238241374724,20313,672136,563238241374724,563238233511026,563238246235974,563238232419620,
0,21842371,563238222295180,563238222295180,0,563238228836808,563238228844776,563238231851651,563238232998943,563238250483275,563238228767485,8260516,563238233828422,563238233897849,563238234163214,563238242670818,563238249088318,23907,179844,563238249088318,563238243163631,563238262821391,563238242670818,
0,21842379,563238230633604,563238230633604,0,563238236630297,563238236637172,563238240279047,563238240564308,563238258743791,563238235563422,8261814,563238241121235,563238243300037,563238243539672,563238247591964,563238252368735,15677,1222084,563238252368735,563238249163631,563238270964828,563238247591964,
0,21842387,563238247088713,563238247088713,0,563238247857849,563238247863735,563238277373474,563238277510922,563238267005605,563238247784724,8260452,563238281047276,563238281114047,563238281479256,563238290918110,563238298435662,82448,218125,563238298435662,563238291573735,563238312320558,563238290918110,
0,21842396,563238263590294,563238280109038,0,563238283835401,563238283839672,563238285312381,563238285448474,563238316578543,563238283522797,8259372,563238285879151,563238291710558,563238291950089,563238301712693,563238307241183,20052,222813,563238307241183,563238302197537,563238320550193,563238301712693,
0,21842403,563238288368410,563238288368410,0,563238293251183,563238293256703,563238293260297,563238293409881,563238324837915,563238293197589,8259372,563238294234203,563238302387641,563238302639412,563238306297485,563238310749203,15312,785625,563238310749203,563238307309516,563238328777068,563238306297485,
0,21842410,563238296627782,563238296627782,0,563238304174360,563238304180349,563238304745818,563238304964203,563238333097287,563238304094516,8259372,563238305827901,563238307411756,563238307587849,563238310832953,563238315857381,16406,174531,563238315857381,563238311247537,563238337036026,563238310832953,
0,21842419,563238313115932,563238313115932,0,563238314371287,563238314377328,563238314380089,563238314550141,563238341356659,563238314312120,8256781,563238315368006,563238315456131,563238315705349,563238319742589,563238324940714,20730,282917,563238324940714,563238320377016,563238345229203,563238319742589,
0,21842427,563238321352038,563238321352038,0,563238322419099,563238322427641,563238322431495,563238322664985,563238349613440,563238322326078,8255843,563238323629933,563238323709412,563238323916287,563238328220766,563238333357537,21041,251406,563238333357537,563238329577953,563238353468683,563238328220766,
0,21842435,563238329591996,563238329591996,0,563238330735037,563238330741495,563238330744516,563238330978214,563238357869283,563238330659828,8257372,563238331768995,563238331829776,563238332142172,563238336585349,563238341215245,24375,282448,563238341215245,563238337767641,563238361802953,563238336585349,
0,21842443,563238337863911,563238337863911,0,563238338921860,563238338927901,563238338930506,563238339092016,563238366126655,563238338863370,8256704,563238339844516,563238339902641,563238340219151,563238343637485,563238349676703,21198,239375,563238349676703,563238344213839,563238370103370,563238343637485,
0,21842451,563238346106713,563238346106713,0,563238347829151,563238347837797,563238347841808,563238348121078,563238374383359,563238347735506,8256704,563238348995766,563238349091026,563238349313474,563238353114256,563238358056026,21979,255052,563238358056026,563238353656391,563238378361860,563238353114256,
0,21842459,563238354335475,563238354335475,0,563238355188839,563238355196183,563238355200349,563238355453266,563238382640063,563238355095037,8254235,563238356602433,563238356676703,563238356881912,563238360955558,563238366398422,22709,232032,563238366398422,563238361528839,563238386601808,563238360955558,
0,21842467,563238362566842,563238362566842,0,563238363835714,563238363847485,563238363852120,563238364211287,563238390894298,563238363730037,8253010,563238365219620,563238365298474,563238365503995,563238369215401,563238375484776,23334,257604,563238375484776,563238369782276,563238394878526,563238369215401,
0,21842475,563238370805749,563238370805749,0,563238371654099,563238371663058,563238371668266,563238371899256,563238399147308,563238371564828,8253010,563238373050453,563238373733474,563238373952224,563238378740245,563238383884256,730469,241042,563238383884256,563238379274828,563238403044412,563238378740245,
0,21842483,563238379058057,563238379058057,0,563238380088787,563238380095037,563238380098318,563238380329256,563238407400318,563238379963214,8252845,563238381372016,563238381472537,563238381725818,563238385365766,563238390784099,21927,215573,563238390784099,563238385842693,563238411368266,563238385365766,
0,21842491,563238387320315,563238387320315,0,563238388698526,563238388706183,563238388710453,563238388930089,563238415653163,563238388619099,8252032,563238389926964,563238390016703,563238390202745,563238394032901,563238400039255,22031,232500,563238400039255,563238394596860,563238419628110,563238394032901,
0,21842499,563238395567811,563238395567811,0,563238397089412,563238397100974,563238397106443,563238397385297,563238423905195,563238396977901,8252483,563238398594776,563238398721026,563238398959464,563238402808422,563238409084308,30781,253177,563238409084308,563238403397120,563238427878891,563238402808422,
0,21842507,563238403830959,563238403830959,0,563238404841235,563238404849776,563238404854568,563238405087589,563238432157678,563238404753630,8252483,563238406199255,563238406301235,563238406540089,563238411697172,563238416538318,688594,446458,563238416538318,563238412450089,563238436206078,563238411697172,
0,21842515,563238412088031,563238412088031,0,563238413100245,563238413108526,563238413111860,563238413367068,563238440410161,563238413001860,8252411,563238414544724,563238414612849,563238414822745,563238421498630,563238426002485,20885,237031,563238426002485,563238422042953,563238444345141,563238421498630,
0,21842523,563238420336659,563238420336659,0,563238421500401,563238421508683,563238421513578,563238421735349,563238448662572,563238421415766,8251997,563238422958318,563238423067016,563238423325818,563238429966599,563238434496391,20833,223437,563238434496391,563238430485453,563238452586912,563238429966599,
0,21842531,563238428588684,563238428588684,0,563238429532589,563238429540141,563238429544568,563238429754464,563238456914569,563238429449985,8256519,563238430776860,563238430858318,563238431130245,563238438139568,563238442598578,23177,240365,563238442598578,563238438706391,563238460824985,563238438139568,
0,21842539,563238436893674,563238436893674,0,563238437895714,563238437905193,563238437910662,563238438140089,563238465171088,563238437806391,8257195,563238439355193,563238439461235,563238439716808,563238447555922,563238453886026,22812,334740,563238453886026,563238448265766,563238469249308,563238447555922,
0,21842547,563238445164575,563238445164575,0,563238446045245,563238446055089,563238446062120,563238446319360,563238473428283,563238445940349,8256328,563238447498839,563238448444412,563238448882276,563238456128110,563238462176860,32656,226146,563238462176860,563238456826287,563238477397693,563238456128110,
0,21842555,563238453408209,563238453408209,0,563238454652537,563238454660818,563238454665818,563238454872589,563238481684611,563238454565766,8255799,563238455907328,563238456976860,563238457263683,563238463403474,563238467622328,27448,196614,563238467622328,563238463889203,563238485704464,563238463403474,
0,21842563,563238461654321,563238461654321,0,563238462252380,563238462258630,563238462262224,563238462434151,563238489940410,563238462180401,8256398,563238463336235,563238464115089,563238464371651,563238469845245,563238474137485,19687,498750,563238474137485,563238470607328,563238493939985,563238469845245,
0,21842571,563238469930656,563238469930656,0,563238471189360,563238471198370,563238471201964,563238471423683,563238498196808,563238471109776,8257403,563238472472120,563238472541651,563238472729620,563238478442953,563238483182641,18281,201094,563238483182641,563238479251130,563238502188943,563238478442953,
0,21842579,563238478188059,563238478188059,0,563238480642016,563238480650089,563238480653683,563238480925662,563238506454211,563238480537224,8257977,563238481848162,563238482064568,563238482840714,563238487430974,563238492058787,37708,200677,563238492058787,563238487987745,563238510474464,563238487430974,
0,21842587,563238486449665,563238486449665,0,563238487509620,563238487516339,563238487519724,563238487688370,563238514712188,563238487438891,8258924,563238488715349,563238488797224,563238489055089,563238494793735,563238499285401,16927,241041,563238499285401,563238495666026,563238518707589,563238494793735,
0,21842595,563238494720162,563238494720162,0,563238496273683,563238496280349,563238496283839,563238496529360,563238522971112,563238496182641,8259067,563238497469933,563238497534099,563238497723318,563238503621599,563238508289464,20313,505833,563238508289464,563238504502849,563238526957901,563238503621599,
0,21842603,563238502980239,563238502980239,0,563238504100141,563238504109516,563238504114308,563238504347276,563238531230179,563238503965193,8259092,563238505500089,563238505574255,563238505840141,563238511940974,563238516531130,21198,436563,563238516531130,563238512786026,563238535215610,563238511940974,
0,21842611,563238511238222,563238511238222,0,563238512303995,563238512312172,563238512316703,563238512536860,563238539489271,563238512214099,8258497,563238513797641,563238513870922,563238514154620,563238520516912,563238525297433,20573,341093,563238525297433,563238521214568,563238543464724,563238520516912,
0,21842619,563238519492453,563238519492453,0,563238520478058,563238520486755,563238520491391,563238520717693,563238547747768,563238520399464,8257126,563238521738266,563238521816651,563238522134620,563238528488318,563238532749151,22292,363854,563238532749151,563238529258526,563237387335766,563238528488318,
0,21842627,563238527735889,563238527735889,0,563238528770037,563238528778266,563238528783162,563238529009568,563238556004894,563238528687901,8256731,563238529683943,563238529770818,563238530041860,563238536075401,563238540325453,25209,280885,563238540325453,563238536753266,563237395601235,563238536075401,
0,21842637,563239056240156,563239056240156,0,563239057108630,563239057116703,563239087126339,563239087263318,563239067906822,563239057015453,8257810,563239090860609,563239090920505,563239091277589,563239099803057,563239116733630,85573,263646,563239116733630,563239100530401,563237403839620,563239099803057,
0,21842644,563239072755776,563239089271396,0,563239094002693,563239094006443,563239094976547,563239095087276,563239133969302,563239093753474,8257810,563239095230766,563239100668057,563239100850245,563239104951911,563239122562901,11406,11403489,563239122562901,563239117150609,563237412207798,563239104951911,
---PROFILEDATA---


View hierarchy:

  com.paifa.ubikitouch/com.paifa.ubikitouch.app.MainActivity/android.view.ViewRootImpl@416ec7e
  10 views, 19.06 kB of render nodes

  /android.view.ViewRootImpl@6c7dce7
  9 views, 18.43 kB of render nodes


Total ViewRootImpl   : 2
Total attached Views : 19
Total RenderNode     : 37.49 kB (used) / 81.13 kB (capacity)

