Applications Graphics Acceleration Info:
Uptime: 563151410 Realtime: 610676488

** Graphics info for pid 13529 [com.paifa.ubikitouch] **

Stats since: 563105053079619ns
Total frames rendered: 658
Janky frames: 99 (15.05%)
Janky frames (legacy): 637 (96.81%)
50th percentile: 21ms
90th percentile: 30ms
95th percentile: 34ms
99th percentile: 48ms
Number Missed Vsync: 4
Number High input latency: 1105
Number Slow UI thread: 94
Number Slow bitmap uploads: 0
Number Slow issue draw commands: 99
Number Frame deadline missed: 99
Number Frame deadline missed (legacy): 112
HISTOGRAM: 5ms=0 6ms=0 7ms=0 8ms=0 9ms=1 10ms=9 11ms=13 12ms=46 13ms=38 14ms=16 15ms=14 16ms=9 17ms=12 18ms=35 19ms=52 20ms=67 21ms=43 22ms=26 23ms=28 24ms=34 25ms=36 26ms=43 27ms=29 28ms=24 29ms=16 30ms=10 31ms=9 32ms=11 34ms=19 36ms=3 38ms=2 40ms=1 42ms=0 44ms=2 46ms=3 48ms=1 53ms=0 57ms=1 61ms=1 65ms=0 69ms=0 73ms=2 77ms=0 81ms=1 85ms=0 89ms=1 93ms=0 97ms=0 101ms=0 105ms=0 109ms=0 113ms=0 117ms=0 121ms=0 125ms=0 129ms=0 133ms=0 150ms=0 200ms=0 250ms=0 300ms=0 350ms=0 400ms=0 450ms=0 500ms=0 550ms=0 600ms=0 650ms=0 700ms=0 750ms=0 800ms=0 850ms=0 900ms=0 950ms=0 1000ms=0 1050ms=0 1100ms=0 1150ms=0 1200ms=0 1250ms=0 1300ms=0 1350ms=0 1400ms=0 1450ms=0 1500ms=0 1550ms=0 1600ms=0 1650ms=0 1700ms=0 1750ms=0 1800ms=0 1850ms=0 1900ms=0 1950ms=0 2000ms=0 2050ms=0 2100ms=0 2150ms=0 2200ms=0 2250ms=0 2300ms=0 2350ms=0 2400ms=0 2450ms=0 2500ms=0 2550ms=0 2600ms=0 2650ms=0 2700ms=0 2750ms=0 2800ms=0 2850ms=0 2900ms=0 2950ms=0 3000ms=0 3050ms=0 3100ms=0 3150ms=0 3200ms=0 3250ms=0 3300ms=0 3350ms=0 3400ms=0 3450ms=0 3500ms=0 3550ms=0 3600ms=0 3650ms=0 3700ms=0 3750ms=0 3800ms=0 3850ms=0 3900ms=0 3950ms=0 4000ms=0 4050ms=0 4100ms=0 4150ms=0 4200ms=0 4250ms=0 4300ms=0 4350ms=0 4400ms=0 4450ms=0 4500ms=0 4550ms=0 4600ms=0 4650ms=0 4700ms=0 4750ms=0 4800ms=0 4850ms=0 4900ms=0 4950ms=0
50th gpu percentile: 8ms
90th gpu percentile: 11ms
95th gpu percentile: 13ms
99th gpu percentile: 18ms
GPU HISTOGRAM: 1ms=0 2ms=0 3ms=0 4ms=89 5ms=54 6ms=43 7ms=62 8ms=83 9ms=156 10ms=75 11ms=34 12ms=17 13ms=15 14ms=9 15ms=5 16ms=4 17ms=3 18ms=3 19ms=1 20ms=1 21ms=2 22ms=2 23ms=0 24ms=0 25ms=0 4950ms=0

Pipeline=Skia (OpenGL)
Memory policy:
  Max surface area: 2592000
  Max resource usage: 373.25MB (x144)
  Background retention: 50% (altUiHidden = true)
  GPU Context timeout: 10
Contexts: 2 (stopped = 0)
CPU Caches:
  Glyph Cache: 1.37 MB (1 entry)
  Shadows: 8.70 KB (7 entries)
  Glyph Count: 179 
Total CPU memory usage:
  1442607 bytes, 1.38 MB (0.00 bytes is purgeable)
GPU Caches:
  SW Path Mask:
    Texture: 1.47 MB (4 entries)
  Other:
    Other: 70.16 KB (1 entry)
    Buffer Object: 2.49 KB (4 entries)
    StencilAttachment: 8.00 MB (1 entry)
  Image:
    Texture: 406.33 KB (55 entries)
  Scratch:
    RenderTarget: 326.80 MB (336 entries)
    Buffer Object: 78.00 KB (2 entries)
    Texture: 8.29 MB (24 entries)
Total GPU memory usage:
  361862784 bytes, 345.10 MB (6.01 MB is purgeable)

Profile data in ms:

	com.paifa.ubikitouch/com.paifa.ubikitouch.app.MainActivity/android.view.ViewRootImpl@416ec7e (visibility=0)
Window: com.paifa.ubikitouch/com.paifa.ubikitouch.app.MainActivity
Stats since: 563105051626390ns
Total frames rendered: 0
Janky frames: 0 (0.00%)
Janky frames (legacy): 0 (0.00%)
50th percentile: 4950ms
90th percentile: 4950ms
95th percentile: 4950ms
99th percentile: 4950ms
Number Missed Vsync: 0
Number High input latency: 0
Number Slow UI thread: 0
Number Slow bitmap uploads: 0
Number Slow issue draw commands: 0
Number Frame deadline missed: 0
Number Frame deadline missed (legacy): 0
HISTOGRAM: 5ms=0 6ms=0 7ms=0 8ms=0 9ms=0 10ms=0 11ms=0 12ms=0 13ms=0 14ms=0 15ms=0 16ms=0 17ms=0 18ms=0 19ms=0 20ms=0 21ms=0 22ms=0 23ms=0 24ms=0 25ms=0 26ms=0 27ms=0 28ms=0 29ms=0 30ms=0 31ms=0 32ms=0 34ms=0 36ms=0 38ms=0 40ms=0 42ms=0 44ms=0 46ms=0 48ms=0 53ms=0 57ms=0 61ms=0 65ms=0 69ms=0 73ms=0 77ms=0 81ms=0 85ms=0 89ms=0 93ms=0 97ms=0 101ms=0 105ms=0 109ms=0 113ms=0 117ms=0 121ms=0 125ms=0 129ms=0 133ms=0 150ms=0 200ms=0 250ms=0 300ms=0 350ms=0 400ms=0 450ms=0 500ms=0 550ms=0 600ms=0 650ms=0 700ms=0 750ms=0 800ms=0 850ms=0 900ms=0 950ms=0 1000ms=0 1050ms=0 1100ms=0 1150ms=0 1200ms=0 1250ms=0 1300ms=0 1350ms=0 1400ms=0 1450ms=0 1500ms=0 1550ms=0 1600ms=0 1650ms=0 1700ms=0 1750ms=0 1800ms=0 1850ms=0 1900ms=0 1950ms=0 2000ms=0 2050ms=0 2100ms=0 2150ms=0 2200ms=0 2250ms=0 2300ms=0 2350ms=0 2400ms=0 2450ms=0 2500ms=0 2550ms=0 2600ms=0 2650ms=0 2700ms=0 2750ms=0 2800ms=0 2850ms=0 2900ms=0 2950ms=0 3000ms=0 3050ms=0 3100ms=0 3150ms=0 3200ms=0 3250ms=0 3300ms=0 3350ms=0 3400ms=0 3450ms=0 3500ms=0 3550ms=0 3600ms=0 3650ms=0 3700ms=0 3750ms=0 3800ms=0 3850ms=0 3900ms=0 3950ms=0 4000ms=0 4050ms=0 4100ms=0 4150ms=0 4200ms=0 4250ms=0 4300ms=0 4350ms=0 4400ms=0 4450ms=0 4500ms=0 4550ms=0 4600ms=0 4650ms=0 4700ms=0 4750ms=0 4800ms=0 4850ms=0 4900ms=0 4950ms=0
50th gpu percentile: 4950ms
90th gpu percentile: 4950ms
95th gpu percentile: 4950ms
99th gpu percentile: 4950ms
GPU HISTOGRAM: 1ms=0 2ms=0 3ms=0 4ms=0 5ms=0 6ms=0 7ms=0 8ms=0 9ms=0 10ms=0 11ms=0 12ms=0 13ms=0 14ms=0 15ms=0 16ms=0 17ms=0 18ms=0 19ms=0 20ms=0 21ms=0 22ms=0 23ms=0 24ms=0 25ms=0 4950ms=0



---PROFILEDATA---
Flags,FrameTimelineVsyncId,IntendedVsync,Vsync,InputEventId,HandleInputStart,AnimationStart,PerformTraversalsStart,DrawStart,FrameDeadline,FrameInterval,FrameStartTime,SyncQueued,SyncStart,IssueDrawCommandsStart,SwapBuffers,FrameCompleted,DequeueBufferDuration,QueueBufferDuration,GpuCompleted,SwapBuffersCompleted,DisplayPresentTime,CommandSubmissionCompleted,
---PROFILEDATA---


	/android.view.ViewRootImpl@6c7dce7 (visibility=0)
Window: 
Stats since: 563105053078681ns
Total frames rendered: 658
Janky frames: 99 (15.05%)
Janky frames (legacy): 637 (96.81%)
50th percentile: 21ms
90th percentile: 30ms
95th percentile: 34ms
99th percentile: 48ms
Number Missed Vsync: 4
Number High input latency: 1105
Number Slow UI thread: 94
Number Slow bitmap uploads: 0
Number Slow issue draw commands: 99
Number Frame deadline missed: 99
Number Frame deadline missed (legacy): 112
HISTOGRAM: 5ms=0 6ms=0 7ms=0 8ms=0 9ms=1 10ms=9 11ms=13 12ms=46 13ms=38 14ms=16 15ms=14 16ms=9 17ms=12 18ms=35 19ms=52 20ms=67 21ms=43 22ms=26 23ms=28 24ms=34 25ms=36 26ms=43 27ms=29 28ms=24 29ms=16 30ms=10 31ms=9 32ms=11 34ms=19 36ms=3 38ms=2 40ms=1 42ms=0 44ms=2 46ms=3 48ms=1 53ms=0 57ms=1 61ms=1 65ms=0 69ms=0 73ms=2 77ms=0 81ms=1 85ms=0 89ms=1 93ms=0 97ms=0 101ms=0 105ms=0 109ms=0 113ms=0 117ms=0 121ms=0 125ms=0 129ms=0 133ms=0 150ms=0 200ms=0 250ms=0 300ms=0 350ms=0 400ms=0 450ms=0 500ms=0 550ms=0 600ms=0 650ms=0 700ms=0 750ms=0 800ms=0 850ms=0 900ms=0 950ms=0 1000ms=0 1050ms=0 1100ms=0 1150ms=0 1200ms=0 1250ms=0 1300ms=0 1350ms=0 1400ms=0 1450ms=0 1500ms=0 1550ms=0 1600ms=0 1650ms=0 1700ms=0 1750ms=0 1800ms=0 1850ms=0 1900ms=0 1950ms=0 2000ms=0 2050ms=0 2100ms=0 2150ms=0 2200ms=0 2250ms=0 2300ms=0 2350ms=0 2400ms=0 2450ms=0 2500ms=0 2550ms=0 2600ms=0 2650ms=0 2700ms=0 2750ms=0 2800ms=0 2850ms=0 2900ms=0 2950ms=0 3000ms=0 3050ms=0 3100ms=0 3150ms=0 3200ms=0 3250ms=0 3300ms=0 3350ms=0 3400ms=0 3450ms=0 3500ms=0 3550ms=0 3600ms=0 3650ms=0 3700ms=0 3750ms=0 3800ms=0 3850ms=0 3900ms=0 3950ms=0 4000ms=0 4050ms=0 4100ms=0 4150ms=0 4200ms=0 4250ms=0 4300ms=0 4350ms=0 4400ms=0 4450ms=0 4500ms=0 4550ms=0 4600ms=0 4650ms=0 4700ms=0 4750ms=0 4800ms=0 4850ms=0 4900ms=0 4950ms=0
50th gpu percentile: 8ms
90th gpu percentile: 11ms
95th gpu percentile: 13ms
99th gpu percentile: 18ms
GPU HISTOGRAM: 1ms=0 2ms=0 3ms=0 4ms=89 5ms=54 6ms=43 7ms=62 8ms=83 9ms=156 10ms=75 11ms=34 12ms=17 13ms=15 14ms=9 15ms=5 16ms=4 17ms=3 18ms=3 19ms=1 20ms=1 21ms=2 22ms=2 23ms=0 24ms=0 25ms=0 4950ms=0



---PROFILEDATA---
Flags,FrameTimelineVsyncId,IntendedVsync,Vsync,InputEventId,HandleInputStart,AnimationStart,PerformTraversalsStart,DrawStart,FrameDeadline,FrameInterval,FrameStartTime,SyncQueued,SyncStart,IssueDrawCommandsStart,SwapBuffers,FrameCompleted,DequeueBufferDuration,QueueBufferDuration,GpuCompleted,SwapBuffersCompleted,DisplayPresentTime,CommandSubmissionCompleted,
0,21824415,563125202043439,563125202043439,-429921082,563125207193517,563125208050705,563125208634247,563125208738517,563125230250182,563125207153778,8254976,563125209871070,563125211417267,563125211567997,563125217637111,563125224205392,14635,290208,563125224205392,563125218322997,563125234289142,563125217637111,
0,21824430,563125210293095,563125210293095,-466502623,563125212197372,563125213055861,563125214459142,563125214709924,563125238505158,563125212152372,8253923,563125215998674,563125218499142,563125218773726,563125224799299,563125232811017,28750,248490,563125232811017,563125225457580,563125242588309,563125224799299,
0,21824445,563125218536118,563125218536118,-346116955,563125219801747,563125221061434,563125224194142,563125224364559,563125246759081,563125219763882,8253507,563125225073830,563125225563986,563125225778726,563125232187632,563125239949976,15469,297552,563125239949976,563125232905080,563125250840236,563125232187632,
0,21824460,563125226788055,563125226788055,-471564360,563125228273517,563125229371226,563125230265861,563125230392111,563125255012588,563125228203622,8255756,563125231782892,563125233053986,563125233350705,563125238738205,563125247245028,15938,785520,563125247245028,563125240177684,563125259067319,563125238738205,
0,21824475,563125235072368,563125235072368,-8546617,563125236057372,563125237749715,563125238709403,563125238922736,563125263268344,563125235905445,8256836,563125240936122,563125241016747,563125241237319,563125245956069,563125254719403,16198,1016823,563125254719403,563125247357788,563125267352111,563125245956069,
0,21824490,563125243346154,563125243346154,-575182551,563125243926017,563125245546122,563125255444872,563125255594924,563125271525180,563125243859247,8257435,563125257474299,563125257581226,563125257793569,563125263605288,563125269612736,27500,234948,563125269612736,563125264152319,563125283927267,563125263605288,
0,21824513,563125268114008,563125268114008,-264131475,563125269015809,563125269019872,563125270431017,563125270557163,563125279780674,563125268953465,8257131,563125271730497,563125271799038,563125272095653,563125280841017,563125287060913,23646,285521,563125287060913,563125281583622,563125300472997,563125280841017,
0,21824521,563125276371139,563125276371139,0,563125277777944,563125277785444,563125281473517,563125281680288,563125304552067,563125277696382,8257136,563125282627788,563125282769090,563125283027736,563125289351903,563125296792163,24270,184323,563125296792163,563125289857944,563125308693153,563125289351903,
0,21824528,563125284629194,563125284629194,0,563125285845965,563125285848882,563125286563205,563125286648830,563125312809203,563125285792111,8257136,563125287794559,563125289984194,563125290277892,563125295879194,563125303885809,15260,791042,563125303885809,563125296983101,563125316912892,563125295879194,
0,21824536,563125292886330,563125292886330,0,563125294001590,563125294010392,563125295099767,563125295292684,563125321066339,563125293907059,8258560,563125297238726,563125297320444,563125297578622,563125306206955,563125314235288,14375,294010,563125314235288,563125307015132,563125325159247,563125306206955,
0,21824544,563125301167873,563125301167873,0,563125302031694,563125302038934,563125303716694,563125303918153,563125329324899,563125301949507,8259701,563125305974559,563125307190028,563125307458413,563125314718882,563125322571851,18333,222500,563125322571851,563125315385861,563125333436069,563125314718882,
0,21824552,563125309448351,563125309448351,0,563125310546642,563125310551747,563125311468517,563125311637319,563125337584600,563125310484819,8260718,563125313862528,563125315533465,563125315788153,563125322381851,563125329958778,16666,276927,563125329958778,563125323192476,563125341710288,563125322381851,
0,21824560,563125317722497,563125317722497,0,563125318441538,563125318446590,563125327158882,563125327293778,563125345845318,563125318383569,8260662,563125329058205,563125329140965,563125329334767,563125334965184,563125340573622,24322,380990,563125340573622,563125335710861,563125349967840,563125334965184,
0,21824568,563125325979860,563125325979860,0,563125330834611,563125330838257,563125332916486,563125333036590,563125354105980,563125330787372,8260367,563125333582319,563125335839090,563125336137267,563125341887997,563125347507997,14583,222136,563125347507997,563125342485861,563125358140861,563125341887997,
0,21824576,563125334233371,563125334233371,0,563125338143674,563125338147424,563125338855705,563125338950601,563125362366347,563125338078465,8259915,563125340133465,563125342621903,563125342864715,563125348447788,563125355595497,25781,202604,563125355595497,563125348993934,563125366471590,563125348447788,
0,21824584,563125342487024,563125342487024,0,563125344060757,563125344065601,563125344963517,563125345153205,563125370626262,563125343978726,8259823,563125346839976,563125349132424,563125349333674,563125357138361,563125364398101,15156,263490,563125364398101,563125357848465,563125374662111,563125357138361,
0,21824592,563125350746184,563125350746184,0,563125352390549,563125352396278,563125353198049,563125353367163,563125378886085,563125352330757,8260276,563125355253101,563125358022267,563125358301017,563125365644559,563125371721226,20261,292969,563125371721226,563125366472059,563125382911017,563125365644559,
0,21824600,563125359011047,563125359011047,0,563125359631382,563125359636799,563125360659663,563125360831590,563125387146361,563125359567007,8260276,563125365885340,563125367208101,563125367474663,563125375791903,563125381034090,16302,220313,563125381034090,563125376611434,563125391136486,563125375791903,
0,21824608,563125367252733,563125367252733,0,563125370362736,563125370376903,563125372404663,563125372570549,563125395406637,563125370203101,8259634,563125374982424,563125376728465,563125376995028,563125381227111,563125384374924,14531,312761,563125384374924,563125381874663,563125399473205,563125381227111,
0,21824616,563125375514776,563125375514776,0,563125378177111,563125378181590,563125382385653,563125382599663,563125403666271,563125378126694,8258415,563125383464507,563125383525184,563125383717319,563125387105028,563125390324507,21145,165833,563125390324507,563125387565653,563125407729194,563125387105028,
0,21824624,563125383754433,563125383754433,0,563125386677215,563125386683622,563125387628934,563125387806069,563125411924686,563125386609507,8258415,563125389522372,563125389569924,563125389731174,563125393527580,563125396839351,18958,162395,563125396839351,563125393976122,563125416083413,563125393527580,
0,21824632,563125391997438,563125391997438,0,563125392837111,563125392842788,563125393675913,563125393812007,563125420183101,563125392775809,8257567,563125395203517,563125395251694,563125395479038,563125399270028,563125402713674,16771,210625,563125402713674,563125399740184,563125424206642,563125399270028,
0,21824640,563125400231416,563125400231416,0,563125401209976,563125401219715,563125401977684,563125402107997,563125428440668,563125401102424,8255867,563125403269403,563125403321017,563125403517163,563125407571486,563125411261226,19583,336875,563125411261226,563125408619455,563125432495601,563125407571486,
0,21824648,563125408485870,563125408485870,0,563125410070497,563125410076903,563125411009455,563125411174351,563125436696535,563125410004872,8255867,563125412664663,563125412729299,563125413545340,563125418688257,563125422391174,22396,190365,563125422391174,563125419218622,563125440829976,563125418688257,
0,21824656,563125416744963,563125416744963,0,563125417839090,563125417844507,563125418866434,563125419047580,563125444952402,563125417770132,8256583,563125421344715,563125421437580,563125421649507,563125425987059,563125430001642,22084,234844,563125430001642,563125426624194,563125449042424,563125425987059,
0,21824664,563125425016114,563125425016114,0,563125425762840,563125425771434,563125427159715,563125427401069,563125453208985,563125425676903,8256583,563125429447580,563125429532944,563125429758309,563125433302163,563125437908934,22708,295833,563125437908934,563125434181538,563125457241069,563125433302163,
0,21824672,563125433261705,563125433261705,0,563125434347059,563125434353778,563125435674611,563125435913101,563125461465568,563125434265757,8255885,563125437650757,563125437728622,563125437929403,563125442532632,563125446050549,22136,147240,563125446050549,563125442967476,563125465480288,563125442532632,
0,21824680,563125441513756,563125441513756,0,563125442451330,563125442457684,563125443620288,563125443843309,563125469721453,563125442376330,8255615,563125445712372,563125446143153,563125446319455,563125450386799,563125453930861,22448,266771,563125453930861,563125450977944,563125473838101,563125450386799,
0,21824688,563125449777744,563125449777744,0,563125450523674,563125450529247,563125451551486,563125451767372,563125477977068,563125450454872,8255615,563125453557111,563125453638674,563125453842892,563125458092111,563125461742788,19323,219427,563125461742788,563125458691382,563125482014507,563125458092111,
0,21824696,563125458033974,563125458033974,0,563125459224090,563125459233986,563125460530028,563125460690236,563125486232683,563125459143361,8255435,563125462044507,563125462120705,563125463052319,563125467307215,563125471069663,24479,182916,563125471069663,563125467805601,563125490222632,563125467307215,
0,21824704,563125466287177,563125466287177,0,563125466971278,563125466978049,563125467982528,563125468421642,563125494488118,563125466894090,8255816,563125470368830,563125470465549,563125470691069,563125476652684,563125480276903,22708,168646,563125480276903,563125477128049,563125498598517,563125476652684,
0,21824735,563125491052529,563125491052529,-648858391,563125492230392,563125493185028,563125493946278,563125494074038,563125502719195,563125492187788,8255829,563125495746121,563125495839559,563125496189559,563125500455184,563125504454090,37083,370209,563125504454090,563125501350549,563125515084611,563125500455184,
0,21824749,563125499308358,563125499308358,-214351487,563125500252944,563125501263309,563125501953934,563125502097528,563125519230853,563125500191382,8255829,563125503609403,563125503682944,563125503947163,563125507830496,563125511642007,26875,195729,563125511642007,563125508485705,563125523327892,563125507830496,
0,21824764,563125507564187,563125507564187,-460849225,563125508714194,563125510304455,563125511241903,563125511415080,563125527486682,563125508609455,8256838,563125513170236,563125513245184,563125513421278,563125517105809,563125520805288,29427,182031,563125520805288,563125517594403,563125531592684,563125517105809,
0,21824779,563125515836940,563125515836940,-1021937136,563125516792424,563125517924976,563125518756121,563125518920757,563125535743520,563125516740184,8257693,563125520449299,563125520515080,563125520712840,563125524275236,563125528324351,25469,488177,563125528324351,563125525230965,563125539862059,563125524275236,
0,21824794,563125524105169,563125524105169,-426800935,563125525039715,563125526421694,563125527114976,563125527245184,563125544001213,563125524955705,8258344,563125528661746,563125528736799,563125528978361,563125532679455,563125536520184,26406,365729,563125536520184,563125533458257,563125548120861,563125532679455,
0,21824809,563125532369661,563125532369661,-253527618,563125533256226,563125534941746,563125535865601,563125536060132,563125552259557,563125533185392,8257893,563125537695080,563125537807059,563125538006851,563125541765184,563125545406590,22448,247083,563125545406590,563125542383830,563125556419403,563125541765184,
0,21824824,563125540622864,563125540622864,-370820273,563125541370028,563125542574611,563125548995913,563125549177371,563125560517450,563125541307944,8258632,563125552670965,563125552747215,563125552901069,563125560565965,563125566390080,23594,293438,563125566390080,563125561251434,563125581128517,563125560565965,
0,21824839,563125548888677,563125548888677,-904682170,563125554019976,563125554856538,563125555458569,563125555813882,563125585324058,563125553977840,8258424,563125557195080,563125561406538,563125561660340,563125566552371,563125572857632,12136,180000,563125572857632,563125567062996,563125589371903,563125566552371,
0,21824853,563125557147101,563125557147101,-798717898,563125562444507,563125563660444,563125564771434,563125565113153,563125593582482,563125562397267,8258424,563125566845080,563125567165809,563125567342788,563125572953309,563125579630653,15468,212032,563125579630653,563125573455913,563125597669767,563125572953309,
0,21824867,563125565405525,563125565405525,-933289584,563125568224559,563125569328257,563125570406955,563125570961382,563125601840906,563125568172580,8258424,563125572941226,563125573556069,563125573737944,563125579203726,563125586402528,563125,259114,563125586402528,563125579817163,563125605835080,563125579203726,
0,21824882,563125573663949,563125573663949,-351992128,563125574705236,563125575852215,563125576804507,563125576943517,563125610099330,563125574651330,8258582,563125578730288,563125579949871,563125580223674,563125587530653,563125594990601,2195833,246667,563125594990601,563125588210549,563125614141486,563125587530653,
0,21824897,563125581929008,563125581929008,-429106872,563125582598361,563125583934715,563125591774246,563125591994403,563125618357912,563125582542788,8257267,563125594865496,563125594936903,563125595116017,563125600383986,563125608386434,23385,189740,563125608386434,563125601004767,563125622406486,563125600383986,
0,21824912,563125590168716,563125590168716,-1054089066,563125596434871,563125597470809,563125598265028,563125598687632,563125626615179,563125596387528,8256831,563125599877111,563125601092267,563125601365965,563125606745340,563125617228361,17083,1378333,563125617228361,563125608498413,563125630665392,563125606745340,
0,21824942,563125606673152,563125606673152,-1071978063,563125609716694,563125610855392,563125611838882,563125611973986,563125634872010,563125609671174,8257125,563125613863621,563125613918153,563125614052528,563125619799871,563125629320705,33281,286198,563125629320705,563125620603674,563125638997580,563125619799871,
0,21824957,563125614930277,563125614930277,-94517646,563125615611017,563125617007996,563125618336590,563125618500236,563125643129135,563125615545705,8256444,563125620441017,563125620750444,563125621030757,563125627240392,563125638173049,30886,1736198,563125638173049,563125629498049,563125647168465,563125627240392,
0,21824972,563125623177929,563125623177929,-176555046,563125623851903,563125625435496,563125630318101,563125630495028,563125651385579,563125623795861,8256239,563125633742996,563125633823413,563125634050757,563125639616903,563125648717319,26250,506094,563125648717319,563125640517944,563125655607684,563125639616903,
0,21824987,563125631431871,563125631431871,-997988914,563125635649924,563125636840392,563125637676642,563125637913882,563125659641818,563125635562059,8257001,563125639084767,563125640642476,563125640899455,563125649251851,563125658406642,15260,165000,563125658406642,563125649797059,563125663697319,563125649251851,
0,21825002,563125639696750,563125639696750,-186945422,563125641650809,563125642805080,563125645250653,563125645517371,563125667898819,563125641606226,8258154,563125647092215,563125649932371,563125650181799,563125654860496,563125667597163,17031,3397239,563125667597163,563125658600132,563125672249194,563125654860496,
0,21825017,563125647973252,563125647973252,-427776425,563125652095549,563125653748986,563125654719194,563125654898830,563125676156973,563125651956174,8257562,563125656622996,563125658717319,563125658972892,563125665693309,563125676323726,14792,1634114,563125676323726,563125667799871,563125680175496,563125665693309,
0,21825032,563125656222108,563125656222108,-468158160,563125659750705,563125661043986,563125662014455,563125662201903,563125692670166,563125659700496,8257562,563125664820757,563125667956799,563125668313778,563125674052007,563125684562423,15885,2002031,563125684562423,563125676524767,563125688438048,563125674052007,
0,21825047,563125664507249,563125664507249,-915827217,563125669419299,563125670909767,563125676638101,563125676921851,563125700927728,563125669365549,8259139,563125680448726,563125680560705,563125680784559,563125686225965,563125692908465,58490,210938,563125692908465,563125686829038,563125704981434,563125686225965,
0,21825062,563125672767116,563125681028986,-613576256,563125681539455,563125682504194,563125683208465,563125683352580,563125709186867,563125681247163,8261870,563125685029767,563125686949559,563125687149455,563125691780548,563125700783309,18282,807448,563125700783309,563125692995913,563125713197996,563125691780548,
0,21825084,563125689308384,563125689308384,-519088194,563125690213726,563125691540809,563125694433726,563125694616746,563125717448737,563125690097996,8259815,563125696176694,563125696259767,563125696442476,563125701787476,563125710095913,22604,228438,563125710095913,563125702382892,563125721437111,563125701787476,
0,21825099,563125697568199,563125697568199,-203875610,563125698516486,563125700268517,563125701228882,563125701381694,563125725708552,563125698453569,8259423,563125703187267,563125703263517,563125703524663,563125709888309,563125718052788,18802,231719,563125718052788,563125710597059,563125729692632,563125709888309,
0,21825114,563125705815285,563125705815285,-296715580,563125707107267,563125708415392,563125715735444,563125715901798,563125733967975,563125707044976,8258911,563125717813048,563125717878778,563125718018673,563125722610444,563125730883934,20833,152083,563125730883934,563125723161590,563125737967840,563125722610444,
0,21825129,563125714063558,563125714063558,-904791812,563125719118517,563125719883882,563125720540601,563125720643257,563125742226886,563125719079194,8257718,563125721763517,563125723244403,563125723394819,563125729097528,563125737108986,13646,1542708,563125737108986,563125731222632,563125746455913,563125729097528,
0,21825144,563125722300570,563125722300570,-170506108,563125723887944,563125724896121,563125725550496,563125725678257,563125750484604,563125723850548,8256456,563125727163986,563125731373986,563125731639923,563125738153101,563125747437476,19532,229740,563125747437476,563125738762788,563125754435965,563125738153101,
0,21825159,563125730535646,563125730535646,-521787041,563125732413517,563125733256382,563125733871382,563125734012423,563125758741060,563125732378778,8255417,563125735973465,563125738892528,563125739147215,563125748720861,563125756977215,19270,254010,563125756977215,563125749325340,563125762759038,563125748720861,
0,21825182,563125747017459,563125747017459,0,563125750787423,563125750791746,563125752537632,563125752654038,563125766996477,563125750743726,8254705,563125753936226,563125753998778,563125754219767,563125759967840,563125766861121,25208,338230,563125766861121,563125760832684,563125779325913,563125759967840,
0,21825190,563125755325880,563125755325880,0,563125755796694,563125755800132,563125765800444,563125765966434,563125775251182,563125755744351,8256183,563125768135653,563125768205236,563125768361330,563125774726590,563125781404403,22084,207032,563125781404403,563125775248830,563125795824611,563125774726590,
0,21825197,563125763554630,563125763554630,0,563125769914715,563125769919871,563125771692319,563125771790340,563125800017278,563125769866798,8256183,563125772916069,563125775356851,563125775576330,563125785378673,563125794640340,24479,416875,563125794640340,563125786543882,563125803999663,563125785378673,
0,21825205,563125771810813,563125771810813,0,563125777032788,563125777036069,563125777640392,563125777740444,563125808273461,563125776988934,8255338,563125778748621,563125786977840,563125787445444,563125796780913,563125806455496,46719,336563,563125806455496,563125797535548,563125812234246,563125796780913,
0,21825212,563125780054601,563125788309939,0,563125789295080,563125789300132,563125790510705,563125790722580,563125816528799,563125788856434,8255338,563125793500392,563125797738309,563125798021538,563125804083830,563125814150340,19792,2025468,563125814150340,563125806611798,563125820532163,563125804083830,
0,21825221,563125796575212,563125796575212,0,563125799815913,563125799821382,563125801008621,563125801461121,563125824784137,563125799752476,8254896,563125803722319,563125806731955,563125806920809,563125810757007,563125819787788,14844,3309844,563125819787788,563125814425236,563125828737476,563125810757007,
0,21825229,563125804821383,563125804821383,0,563125809539298,563125809546798,563125810451069,563125810613569,563125833039033,563125809391903,8253443,563125812352423,563125814587736,563125814859871,563125821448726,563125829893361,21667,384895,563125829893361,563125822261590,563125837187736,563125821448726,
0,21825237,563125813053246,563125813053246,0,563125818014351,563125818023413,563125832533153,563125832693257,563125841292476,563125817133830,8251957,563125834898361,563125834993830,563125835277423,563125841258257,563125848465548,33073,248125,563125848465548,563125841788257,563125861886642,563125841258257,
0,21825245,563125821283510,563125829534674,0,563125836857632,563125836863778,563125837765965,563125837903257,563125865979697,563125836452892,8251164,563125839407163,563125841911694,563125842138309,563125849882111,563125858663413,12083,1187448,563125858663413,563125851423986,563125870103465,563125849882111,
0,21825253,563125837769757,563125837769757,0,563125844948413,563125844952840,563125845598153,563125845831278,563125874230861,563125844897007,8250744,563125848084038,563125851598153,563125851908621,563125859723101,563125868378673,27552,278438,563125868378673,563125860420132,563125878320496,563125859723101,
0,21825260,563125846020501,563125846020501,0,563125853380705,563125853385809,563125855602632,563125855814351,563125882481605,563125853321330,8250744,563125858334246,563125860590861,563125860809923,563125869074663,563125878574455,14011,283333,563125878574455,563125869597319,563125886590444,563125869074663,
0,21825269,563125862551201,563125862551201,0,563125863321798,563125863328673,563125864516330,563125864683830,563125890732349,563125863241590,8251715,563125866119663,563125869737319,563125869953101,563125875517059,563125884956538,12292,2791927,563125884956538,563125878685184,563125894875028,563125875517059,
0,21825277,563125870843621,563125870843621,0,563125872113673,563125872123830,563125873100444,563125873283673,563125898984064,563125871967996,8254090,563125876463153,563125878810548,563125878998726,563125886714819,563125895217580,15208,368073,563125895217580,563125887529455,563125903068569,563125886714819,
0,21825285,563125879130966,563125879130966,0,563125880148986,563125880153569,563125881028673,563125881188986,563125907238154,563125880094819,8257086,563125883073726,563125887714871,563125888058257,563125896238569,563125906458048,20938,275000,563125906458048,563125896863257,563125911370340,563125896238569,
0,21825293,563125887388052,563125887388052,0,563125889896642,563125889902840,563125906493673,563125906652059,563125915495240,563125889809923,8257086,563125909107996,563125909207944,563125909725392,563125918327996,563125925618934,47917,359948,563125925618934,563125919091642,563125936201590,563125918327996,
0,21825301,563125895636928,563125912150156,0,563125914879663,563125914884871,563125916089975,563125916250965,563125940340148,563125914565184,8256614,563125917629871,563125919234194,563125919504975,563125927392944,563125935025809,18073,237187,563125935025809,563125927890548,563125944418778,563125927392944,
0,21825309,563125920395730,563125920395730,0,563125921402788,563125921406069,563125922104455,563125922223725,563125948596762,563125921352475,8256101,563125923352059,563125928626850,563125928979246,563125937075913,563125945932840,19791,258646,563125945932840,563125937708830,563125952717059,563125937075913,
0,21825317,563125928651831,563125928651831,0,563125930444298,563125930447944,563125931248569,563125931397736,563125956852863,563125930401017,8255776,563125933149559,563125937919142,563125938201173,563125945949455,563125954322059,16511,195260,563125954322059,563125946419038,563125960967059,563125945949455,
0,21825325,563125936903557,563125936903557,0,563125939700132,563125939705340,563125940670184,563125940808725,563125965108639,563125939638778,8255983,563125942251486,563125946615444,563125946889975,563125954461173,563125963593048,20781,250468,563125963593048,563125955158517,563125969183309,563125954461173,
0,21825333,563125945168598,563125945168598,0,563125948370496,563125948375340,563125949295080,563125949451382,563125973364622,563125948318934,8255583,563125952567267,563125955296069,563125955618257,563125964243934,563125971436590,19427,223854,563125971436590,563125964798882,563125985764611,563125964243934,
0,21825341,563125953421370,563125953421370,0,563125957143517,563125957147996,563125958914298,563125959129559,563125981620205,563125957082059,8255777,563125961989559,563125964930028,563125965202423,563125972753517,563125981255392,25729,207552,563125981255392,563125973275548,563125993997371,563125972753517,
0,21825349,563125961685367,563125961685367,0,563125966420548,563125966424871,563125967244246,563125967422059,563125989875982,563125966370548,8255777,563125969420913,563125973453309,563125973711538,563125981259194,563125989802059,16615,192812,563125989802059,563125981750288,563126002190965,563125981259194,
0,21825356,563125969979302,563125969979302,0,563125977069559,563125977075653,563125980250965,563125980436798,563125998131759,563125976998048,8258553,563125981272371,563125981878673,563125982212007,563125991976173,563126000523153,16406,230521,563126000523153,563125992900444,563126010435496,563125991976173,
0,21825364,563125978237855,563125978237855,0,563125984096850,563125984100496,563125986996590,563125987202736,563126014680180,563125984055184,8258553,563125987721955,563125993058778,563125993294767,563125995811798,563126005107996,14740,4625886,563126005107996,563126000687996,563126018704246,563125995811798,
0,21825373,563125994756195,563125994756195,0,563125996171330,563125996178257,563126017027059,563126017156850,563126022938733,563125995982215,8259470,563126020704819,563126020769507,563126020968778,563126029902371,563126039102267,27240,200313,563126039102267,563126030490132,563126043634194,563126029902371,
0,21825382,563126011266808,563126019525434,0,563126023125653,563126023130861,563126024397788,563126024533569,563126055979681,563126022708309,8258626,563126024932371,563126030589871,563126030771069,563126044383673,563126048472059,13854,236042,563126048472059,563126044923673,563126060192371,563126044383673,
0,21825389,563126027784060,563126027784060,0,563126033270392,563126033275600,563126033278934,563126033442684,563126064238307,563126033206173,8258626,563126034283673,563126045106017,563126045302632,563126054672840,563126058721434,12604,240989,563126058721434,563126055308986,563126068387840,563126054672840,
0,21825397,563126036042686,563126044300230,0,563126046761694,563126046766486,563126046769715,563126046948361,563126072496933,563126046385028,8257544,563126048184663,563126055473621,563126055631955,563126063649559,563126067748986,15000,261563,563126067748986,563126064281538,563126084773048,563126063649559,
0,21825405,563126052540085,563126052540085,0,563126059346590,563126059355496,563126059359923,563126059591538,563126080754477,563126059231278,8258711,563126060971434,563126064493309,563126064798830,563126074752840,563126080443465,16719,324063,563126080443465,563126075480028,563126093225288,563126074752840,
0,21825413,563126060826285,563126060826285,0,563126065982684,563126065987788,563126065990913,563126066145809,563126089013188,563126065933673,8259569,563126067146850,563126075715080,563126075963361,563126084333830,563126089803413,18437,250729,563126089803413,563126084890600,563126101268205,563126084333830,
0,21825420,563126069110818,563126077370387,0,563126078561069,563126078567736,563126078570965,563126078741225,563126105531227,563126078150236,8259569,563126079674975,563126085066434,563126085261486,563126095177528,563126099229298,13438,306250,563126099229298,563126095829663,563126109571642,563126095177528,
0,21825429,563126085667210,563126085667210,0,563126086724611,563126086729767,563126086732111,563126086864350,563126113790796,563126086677944,8261298,563126087609403,563126096564819,563126096842267,563126104729715,563126108696330,22761,234635,563126108696330,563126105297111,563126126127996,563126104729715,
0,21825437,563126093911243,563126093911243,0,563126098027007,563126098031694,563126098034767,563126099993153,563126122052094,563126097971382,8261298,563126101177788,563126105458934,563126105696382,563126113843673,563126119336434,17031,232656,563126119336434,563126114421434,563126134446486,563126113843673,
0,21825445,563126102200378,563126102200378,0,563126106798621,563126106803153,563126106806278,563126106970184,563126130313392,563126106742996,8261205,563126107853048,563126114577007,563126115555705,563126125958673,563126131027632,17344,377084,563126131027632,563126126653100,563126142475236,563126125958673,
0,21825452,563126110430198,563126110430198,0,563126116694298,563126116698152,563126116700444,563126116846538,563126146911864,563126116651746,8261205,563126117537267,563126126863465,563126127143777,563126135740861,563126139766850,15261,277760,563126139766850,563126136369611,563126150757007,563126135740861,
0,21825460,563126118691403,563126126951823,0,563126130656642,563126130661590,563126130663986,563126130802684,563126155173069,563126130319767,8260420,563126131508257,563126136562163,563126136895652,563126144655913,563126148670496,19636,269740,563126148670496,563126145250288,563126158981902,563126144655913,
0,21825469,563126135191262,563126135191262,0,563126138156382,563126138160809,563126138163830,563126138305236,563126163433489,563126138107111,8260061,563126139190809,563126145490288,563126145737163,563126152949715,563126156825965,18125,384948,563126156825965,563126153654923,563126167286590,563126152949715,
0,21825477,563126143451945,563126143451945,0,563126147054559,563126147059767,563126147062996,563126147246277,563126171693550,563126146990913,8257877,563126149025444,563126153821173,563126153997684,563126159464350,563126164914663,19167,226979,563126164914663,563126159991642,563126175620913,563126159464350,
0,21825485,563126151666474,563126151666474,0,563126155262215,563126155268413,563126155271642,563126155443934,563126179951427,563126155203361,8257877,563126156310600,563126160162111,563126160405913,563126167748673,563126171730757,21198,307916,563126171730757,563126168379819,563126183817996,563126167748673,
0,21825493,563126159897610,563126159897610,0,563126162157840,563126162161382,563126162163882,563126162293257,563126188209304,563126162115080,8256709,563126162966590,563126168545861,563126168790392,563126177001746,563126181222944,19115,192917,563126181222944,563126177571017,563126192114871,563126177001746,
0,21825501,563126168120500,563126168120500,0,563126170126538,563126170131694,563126170134819,563126170318309,563126196466013,563126170066434,8254211,563126171346642,563126177723569,563126177952944,563126186633152,563126193995184,17656,328907,563126193995184,563126187322944,563126200442580,563126186633152,
0,21825509,563126176360499,563126176360499,0,563126179303725,563126179308986,563126179312111,563126179491173,563126204720224,563126179241746,8254178,563126180633569,563126187483725,563126187706694,563126196203205,563126200100080,18125,223854,563126200100080,563126196720861,563126216887215,563126196203205,
0,21825517,563126184616413,563126184616413,0,563126191891277,563126191899246,563126191902996,563126192255809,563126212974402,563126191798777,8254178,563126193417632,563126196846590,563126197118309,563126204980184,563126208948205,16615,258438,563126208948205,563126205632371,563126225195236,563126204980184,
0,21825525,563126192854728,563126192854728,0,563126198156017,563126198160548,563126198163569,563126198305392,563126221228580,563126198103830,8253188,563126199124871,563126205827163,563126206066902,563126217575444,563126222338413,23385,282605,563126222338413,563126218166538,563126233318257,563126217575444,
0,21825532,563126201110964,563126201110964,0,563126208325548,563126208333361,563126208337059,563126208540809,563126237534146,563126207278309,8253188,563126209456746,563126218411382,563126218773048,563126225726902,563126229574350,21407,215208,563126229574350,563126226456694,563126241606642,563126225726902,
0,21825540,563126209364152,563126217617340,0,563126220835184,563126220842111,563126220845236,563126221057319,563126245787334,563126220397736,8253188,563126222851850,563126226606746,563126226755705,563126232190809,563126236929975,18906,234323,563126236929975,563126232752840,563126249813152,563126232190809,
0,21825549,563126225876143,563126225876143,0,563126227938830,563126227944767,563126227947892,563126228123830,563126254040522,563126227886746,8252045,563126228919559,563126232903725,563126233087892,563126239640288,563126245292475,15104,297604,563126245292475,563126240251850,563126258061902,563126239640288,
0,21825557,563126234126628,563126234126628,0,563126235253257,563126235260132,563126235263621,563126235428309,563126262292567,563126235181798,8249509,563126236333830,563126240413100,563126240639038,563126248328205,563126253803361,14219,244844,563126253803361,563126248959350,563126266355236,563126248328205,
0,21825565,563126242343929,563126242343929,0,563126244117163,563126244125652,563126244127996,563126244330184,563126270542076,563126243985861,8249509,563126245278725,563126249100392,563126249354819,563126256718257,563126262080913,15000,272396,563126262080913,563126257326434,563126274571330,563126256718257,
0,21825573,563126250600808,563126250600808,0,563126251227007,563126251232944,563126251236069,563126251424350,563126278791585,563126251152527,8250967,563126252460392,563126257508152,563126257724767,563126264385600,563126269830236,18385,231041,563126269830236,563126264964298,563126282990080,563126264385600,
0,21825581,563126258857476,563126258857476,0,563126259568777,563126259574350,563126259577267,563126259746850,563126287042552,563126259506590,8250967,563126260629507,563126265093361,563126265279715,563126273953100,563126279223934,15052,272605,563126279223934,563126274717475,563126291154038,563126273953100,
0,21825589,563126267108013,563126267108013,0,563126267852319,563126267856850,563126267859194,563126268107267,563126295293519,563126267786382,8250531,563126268875600,563126274868413,563126275074142,563126284082475,563126288070809,19010,342865,563126288070809,563126284801902,563126299483673,563126284082475,
0,21825597,563126275351312,563126275351312,0,563126277326955,563126277332475,563126277335132,563126277500652,563126303544050,563126277272684,8252183,563126278314090,563126284959559,563126285254142,563126293836486,563126297902215,20312,218021,563126297902215,563126294400496,563126307584246,563126293836486,
0,21825605,563126283617019,563126283617019,0,563126286243205,563126286246642,563126286249298,563126286378569,563126311796233,563126286198725,8253174,563126287072215,563126294580705,563126294874402,563126298835757,563126303845027,20781,243282,563126303845027,563126299333517,563126315839767,563126298835757,
0,21825613,563126291891868,563126291891868,0,563126296327684,563126296334038,563126296337632,563126296507684,563126320049407,563126296268100,8253598,563126297825965,563126299437215,563126299646382,563126302774038,563126308978725,20208,913855,563126308978725,563126303919246,563126324125652,563126302774038,
0,21825623,563128825173000,563128825173000,0,563128826178412,563128826198724,563128866001745,563128866146537,563128836839666,563128825935339,8333333,563128870178829,563128870269558,563128870789818,563128883404818,563128900707266,68906,434948,563128900707266,563128884215391,563128908485131,563128883404818,
0,21825630,563128851547999,563128868214665,0,563128873870235,563128873874766,563128875083672,563128875230704,563128920172996,563128873572162,8333333,563128875424714,563128884438672,563128884655026,563128887530026,563128906651589,11927,13235781,563128906651589,563128901120287,563128916454349,563128887530026,
0,21825706,563138843683461,563138843683461,0,563138844934762,563138844939918,563138875748148,563138875886741,563138860350127,563138844642002,16455114,563138879919814,563138879984293,563138880200491,563138889838304,563138906005596,33386,236927,563138906005596,563138890402366,563125201290705,563138889838304,
0,21825713,563138860138575,563138876593689,0,563138882355387,563138882357991,563138883496273,563138883609814,563138926170583,563138882102158,16455114,563138883750908,563138890510335,563138890720439,563138892722158,563138913129710,13698,13485469,563138913129710,563138906660179,563125209527684,563138892722158,
0,21825761,563148887947496,563148887947496,0,563148890066321,563148890083560,563148940205644,563148940454290,563148904614162,563148889747779,16666666,563148946729810,563148946819602,563148947055800,563148954819810,563148971211008,43802,289948,563148971211008,563148955467623,563125217802007,563148954819810,
0,21825768,563148929540332,563148946206998,0,563148950267102,563148950270279,563148952674810,563148952974915,563148987947492,563148949905644,16666666,563148953197102,563148955564706,563148955707675,563148958647675,563148978746633,18594,12618854,563148978746633,563148971526685,563125226094872,563148958647675,
---PROFILEDATA---


View hierarchy:

  com.paifa.ubikitouch/com.paifa.ubikitouch.app.MainActivity/android.view.ViewRootImpl@416ec7e
  10 views, 19.06 kB of render nodes

  /android.view.ViewRootImpl@6c7dce7
  9 views, 18.43 kB of render nodes


Total ViewRootImpl   : 2
Total attached Views : 19
Total RenderNode     : 37.49 kB (used) / 81.13 kB (capacity)

