Applications Graphics Acceleration Info:
Uptime: 553330698 Realtime: 600855776

** Graphics info for pid 31119 [com.paifa.ubikitouch] **

Stats since: 553324702815225ns
Total frames rendered: 541
Janky frames: 119 (22.00%)
Janky frames (legacy): 174 (32.16%)
50th percentile: 19ms
90th percentile: 29ms
95th percentile: 32ms
99th percentile: 48ms
Number Missed Vsync: 37
Number High input latency: 960
Number Slow UI thread: 119
Number Slow bitmap uploads: 0
Number Slow issue draw commands: 111
Number Frame deadline missed: 119
Number Frame deadline missed (legacy): 2
HISTOGRAM: 5ms=0 6ms=0 7ms=0 8ms=0 9ms=1 10ms=2 11ms=7 12ms=25 13ms=41 14ms=62 15ms=40 16ms=22 17ms=35 18ms=14 19ms=22 20ms=30 21ms=37 22ms=29 23ms=18 24ms=15 25ms=19 26ms=22 27ms=20 28ms=23 29ms=13 30ms=5 31ms=5 32ms=12 34ms=7 36ms=2 38ms=2 40ms=2 42ms=2 44ms=1 46ms=0 48ms=1 53ms=0 57ms=0 61ms=1 65ms=0 69ms=0 73ms=1 77ms=0 81ms=0 85ms=0 89ms=0 93ms=2 97ms=0 101ms=0 105ms=0 109ms=1 113ms=0 117ms=0 121ms=0 125ms=0 129ms=0 133ms=0 150ms=0 200ms=0 250ms=0 300ms=0 350ms=0 400ms=0 450ms=0 500ms=0 550ms=0 600ms=0 650ms=0 700ms=0 750ms=0 800ms=0 850ms=0 900ms=0 950ms=0 1000ms=0 1050ms=0 1100ms=0 1150ms=0 1200ms=0 1250ms=0 1300ms=0 1350ms=0 1400ms=0 1450ms=0 1500ms=0 1550ms=0 1600ms=0 1650ms=0 1700ms=0 1750ms=0 1800ms=0 1850ms=0 1900ms=0 1950ms=0 2000ms=0 2050ms=0 2100ms=0 2150ms=0 2200ms=0 2250ms=0 2300ms=0 2350ms=0 2400ms=0 2450ms=0 2500ms=0 2550ms=0 2600ms=0 2650ms=0 2700ms=0 2750ms=0 2800ms=0 2850ms=0 2900ms=0 2950ms=0 3000ms=0 3050ms=0 3100ms=0 3150ms=0 3200ms=0 3250ms=0 3300ms=0 3350ms=0 3400ms=0 3450ms=0 3500ms=0 3550ms=0 3600ms=0 3650ms=0 3700ms=0 3750ms=0 3800ms=0 3850ms=0 3900ms=0 3950ms=0 4000ms=0 4050ms=0 4100ms=0 4150ms=0 4200ms=0 4250ms=0 4300ms=0 4350ms=0 4400ms=0 4450ms=0 4500ms=0 4550ms=0 4600ms=0 4650ms=0 4700ms=0 4750ms=0 4800ms=0 4850ms=0 4900ms=0 4950ms=0
50th gpu percentile: 6ms
90th gpu percentile: 12ms
95th gpu percentile: 14ms
99th gpu percentile: 15ms
GPU HISTOGRAM: 1ms=0 2ms=0 3ms=52 4ms=70 5ms=100 6ms=85 7ms=61 8ms=38 9ms=22 10ms=31 11ms=15 12ms=20 13ms=18 14ms=15 15ms=9 16ms=4 17ms=0 18ms=1 19ms=0 20ms=0 21ms=0 22ms=0 23ms=0 24ms=0 25ms=0 4950ms=0

Pipeline=Skia (OpenGL)
Memory policy:
  Max surface area: 2592000
  Max resource usage: 373.25MB (x144)
  Background retention: 50% (altUiHidden = true)
  GPU Context timeout: 10
Contexts: 2 (stopped = 0)
CPU Caches:
  Glyph Cache: 516.12 KB (1 entry)
  Shadows: 7.45 KB (6 entries)
  Glyph Count: 100 
Total CPU memory usage:
  536134 bytes, 523.57 KB (0.00 bytes is purgeable)
GPU Caches:
  SW Path Mask:
    Texture: 1.35 MB (1 entry)
  Other:
    Other: 75.78 KB (1 entry)
    Buffer Object: 2.49 KB (4 entries)
    StencilAttachment: 8.00 MB (1 entry)
  Image:
    Texture: 424.33 KB (56 entries)
  Scratch:
    RenderTarget: 327.91 MB (472 entries)
    Buffer Object: 78.00 KB (2 entries)
    Texture: 8.05 MB (30 entries)
Total GPU memory usage:
  362679072 bytes, 345.88 MB (5.59 MB is purgeable)

Profile data in ms:

	com.paifa.ubikitouch/com.paifa.ubikitouch.app.MainActivity/android.view.ViewRootImpl@242e483 (visibility=0)
Window: com.paifa.ubikitouch/com.paifa.ubikitouch.app.MainActivity
Stats since: 553324701828194ns
Total frames rendered: 0
Janky frames: 0 (0.00%)
Janky frames (legacy): 0 (0.00%)
50th percentile: 4950ms
90th percentile: 4950ms
95th percentile: 4950ms
99th percentile: 4950ms
Number Missed Vsync: 0
Number High input latency: 0
Number Slow UI thread: 0
Number Slow bitmap uploads: 0
Number Slow issue draw commands: 0
Number Frame deadline missed: 0
Number Frame deadline missed (legacy): 0
HISTOGRAM: 5ms=0 6ms=0 7ms=0 8ms=0 9ms=0 10ms=0 11ms=0 12ms=0 13ms=0 14ms=0 15ms=0 16ms=0 17ms=0 18ms=0 19ms=0 20ms=0 21ms=0 22ms=0 23ms=0 24ms=0 25ms=0 26ms=0 27ms=0 28ms=0 29ms=0 30ms=0 31ms=0 32ms=0 34ms=0 36ms=0 38ms=0 40ms=0 42ms=0 44ms=0 46ms=0 48ms=0 53ms=0 57ms=0 61ms=0 65ms=0 69ms=0 73ms=0 77ms=0 81ms=0 85ms=0 89ms=0 93ms=0 97ms=0 101ms=0 105ms=0 109ms=0 113ms=0 117ms=0 121ms=0 125ms=0 129ms=0 133ms=0 150ms=0 200ms=0 250ms=0 300ms=0 350ms=0 400ms=0 450ms=0 500ms=0 550ms=0 600ms=0 650ms=0 700ms=0 750ms=0 800ms=0 850ms=0 900ms=0 950ms=0 1000ms=0 1050ms=0 1100ms=0 1150ms=0 1200ms=0 1250ms=0 1300ms=0 1350ms=0 1400ms=0 1450ms=0 1500ms=0 1550ms=0 1600ms=0 1650ms=0 1700ms=0 1750ms=0 1800ms=0 1850ms=0 1900ms=0 1950ms=0 2000ms=0 2050ms=0 2100ms=0 2150ms=0 2200ms=0 2250ms=0 2300ms=0 2350ms=0 2400ms=0 2450ms=0 2500ms=0 2550ms=0 2600ms=0 2650ms=0 2700ms=0 2750ms=0 2800ms=0 2850ms=0 2900ms=0 2950ms=0 3000ms=0 3050ms=0 3100ms=0 3150ms=0 3200ms=0 3250ms=0 3300ms=0 3350ms=0 3400ms=0 3450ms=0 3500ms=0 3550ms=0 3600ms=0 3650ms=0 3700ms=0 3750ms=0 3800ms=0 3850ms=0 3900ms=0 3950ms=0 4000ms=0 4050ms=0 4100ms=0 4150ms=0 4200ms=0 4250ms=0 4300ms=0 4350ms=0 4400ms=0 4450ms=0 4500ms=0 4550ms=0 4600ms=0 4650ms=0 4700ms=0 4750ms=0 4800ms=0 4850ms=0 4900ms=0 4950ms=0
50th gpu percentile: 4950ms
90th gpu percentile: 4950ms
95th gpu percentile: 4950ms
99th gpu percentile: 4950ms
GPU HISTOGRAM: 1ms=0 2ms=0 3ms=0 4ms=0 5ms=0 6ms=0 7ms=0 8ms=0 9ms=0 10ms=0 11ms=0 12ms=0 13ms=0 14ms=0 15ms=0 16ms=0 17ms=0 18ms=0 19ms=0 20ms=0 21ms=0 22ms=0 23ms=0 24ms=0 25ms=0 4950ms=0



---PROFILEDATA---
Flags,FrameTimelineVsyncId,IntendedVsync,Vsync,InputEventId,HandleInputStart,AnimationStart,PerformTraversalsStart,DrawStart,FrameDeadline,FrameInterval,FrameStartTime,SyncQueued,SyncStart,IssueDrawCommandsStart,SwapBuffers,FrameCompleted,DequeueBufferDuration,QueueBufferDuration,GpuCompleted,SwapBuffersCompleted,DisplayPresentTime,CommandSubmissionCompleted,
---PROFILEDATA---


	/android.view.ViewRootImpl@8a82c79 (visibility=0)
Window: 
Stats since: 553324702814339ns
Total frames rendered: 541
Janky frames: 119 (22.00%)
Janky frames (legacy): 174 (32.16%)
50th percentile: 19ms
90th percentile: 29ms
95th percentile: 32ms
99th percentile: 48ms
Number Missed Vsync: 37
Number High input latency: 960
Number Slow UI thread: 119
Number Slow bitmap uploads: 0
Number Slow issue draw commands: 111
Number Frame deadline missed: 119
Number Frame deadline missed (legacy): 2
HISTOGRAM: 5ms=0 6ms=0 7ms=0 8ms=0 9ms=1 10ms=2 11ms=7 12ms=25 13ms=41 14ms=62 15ms=40 16ms=22 17ms=35 18ms=14 19ms=22 20ms=30 21ms=37 22ms=29 23ms=18 24ms=15 25ms=19 26ms=22 27ms=20 28ms=23 29ms=13 30ms=5 31ms=5 32ms=12 34ms=7 36ms=2 38ms=2 40ms=2 42ms=2 44ms=1 46ms=0 48ms=1 53ms=0 57ms=0 61ms=1 65ms=0 69ms=0 73ms=1 77ms=0 81ms=0 85ms=0 89ms=0 93ms=2 97ms=0 101ms=0 105ms=0 109ms=1 113ms=0 117ms=0 121ms=0 125ms=0 129ms=0 133ms=0 150ms=0 200ms=0 250ms=0 300ms=0 350ms=0 400ms=0 450ms=0 500ms=0 550ms=0 600ms=0 650ms=0 700ms=0 750ms=0 800ms=0 850ms=0 900ms=0 950ms=0 1000ms=0 1050ms=0 1100ms=0 1150ms=0 1200ms=0 1250ms=0 1300ms=0 1350ms=0 1400ms=0 1450ms=0 1500ms=0 1550ms=0 1600ms=0 1650ms=0 1700ms=0 1750ms=0 1800ms=0 1850ms=0 1900ms=0 1950ms=0 2000ms=0 2050ms=0 2100ms=0 2150ms=0 2200ms=0 2250ms=0 2300ms=0 2350ms=0 2400ms=0 2450ms=0 2500ms=0 2550ms=0 2600ms=0 2650ms=0 2700ms=0 2750ms=0 2800ms=0 2850ms=0 2900ms=0 2950ms=0 3000ms=0 3050ms=0 3100ms=0 3150ms=0 3200ms=0 3250ms=0 3300ms=0 3350ms=0 3400ms=0 3450ms=0 3500ms=0 3550ms=0 3600ms=0 3650ms=0 3700ms=0 3750ms=0 3800ms=0 3850ms=0 3900ms=0 3950ms=0 4000ms=0 4050ms=0 4100ms=0 4150ms=0 4200ms=0 4250ms=0 4300ms=0 4350ms=0 4400ms=0 4450ms=0 4500ms=0 4550ms=0 4600ms=0 4650ms=0 4700ms=0 4750ms=0 4800ms=0 4850ms=0 4900ms=0 4950ms=0
50th gpu percentile: 6ms
90th gpu percentile: 12ms
95th gpu percentile: 14ms
99th gpu percentile: 15ms
GPU HISTOGRAM: 1ms=0 2ms=0 3ms=52 4ms=70 5ms=100 6ms=85 7ms=61 8ms=38 9ms=22 10ms=31 11ms=15 12ms=20 13ms=18 14ms=15 15ms=9 16ms=4 17ms=0 18ms=1 19ms=0 20ms=0 21ms=0 22ms=0 23ms=0 24ms=0 25ms=0 4950ms=0



---PROFILEDATA---
Flags,FrameTimelineVsyncId,IntendedVsync,Vsync,InputEventId,HandleInputStart,AnimationStart,PerformTraversalsStart,DrawStart,FrameDeadline,FrameInterval,FrameStartTime,SyncQueued,SyncStart,IssueDrawCommandsStart,SwapBuffers,FrameCompleted,DequeueBufferDuration,QueueBufferDuration,GpuCompleted,SwapBuffersCompleted,DisplayPresentTime,CommandSubmissionCompleted,
0,21252962,553329463236969,553329463236969,-247814134,553329467213244,553329468777931,553329469473660,553329469656681,553329491426907,553329467142254,8259280,553329471653817,553329471738869,553329471955796,553329475792463,553329484225900,64010,303125,553329484225900,553329476575588,553329495632410,553329475792463,
0,21252977,553329471485020,553329471485020,-183963180,553329473994963,553329475438035,553329478141369,553329478279754,553329499686187,553329473939129,8258736,553329482504025,553329482573765,553329482777046,553329489967463,553329500240692,24948,283229,553329500240692,553329490568035,553329503710535,553329489967463,
0,21252992,553329479751813,553329479751813,-295144782,553329483515640,553329484949129,553329485566733,553329485710067,553329516186630,553329483476108,8259294,553329487822671,553329490773400,553329490998556,553329497858035,553329511304077,14167,2085104,553329511304077,553329500405640,553329511948713,553329497858035,
0,21253007,553329487998809,553329487998809,-91723880,553329492351577,553329494979129,553329496387879,553329496606890,553329524445924,553329492280431,8258683,553329499595900,553329500592983,553329500831317,553329504639910,553329521698556,15000,6606250,553329521698556,553329511638869,553329528618973,553329504639910,
0,21253037,553329504549783,553329512809678,-1039334360,553329513416890,553329515551525,553329516901681,553329517105848,553329532704607,553329513027046,8259895,553329519982098,553329520050900,553329520269233,553329526087671,553329532360171,30521,191094,553329532360171,553329526608556,553329545000952,553329526087671,
0,21253052,553329521044719,553329537562349,-493736198,553329538108869,553329538157046,553329542049963,553329542192358,553329540964502,553329537830223,8258815,553329543627619,553329543703296,553329543832515,553329546453608,553329549765067,27500,196771,553329549765067,553329546932931,553329561548192,553329546453608,
0,21253060,553329545840815,553329545840815,0,553329549449233,553329549452827,553329554186160,553329554358035,553329565746645,553329549400588,8259662,553329557627358,553329557701942,553329557866108,553329562073660,553329567955015,25729,211510,553329567955015,553329562719129,553329578020900,553329562073660,
0,21253068,553329554100477,553329554100477,0,553329559954963,553329559958244,553329561034910,553329561116108,553329582286467,553329559900275,8259662,553329562628556,553329562931004,553329563097879,553329567904858,553329579897619,26980,174688,553329579897619,553329568452983,553329586277202,553329567904858,
0,21253075,553329562348811,553329562348811,0,553329563982150,553329563984963,553329564696421,553329564810952,553329590546129,553329563941473,8259260,553329566510327,553329568564494,553329568779650,553329574022671,553329589734754,23437,5640886,553329589734754,553329580165692,553329594627879,553329574022671,
0,21253083,553329570608071,553329570608071,0,553329572933608,553329572939546,553329573914806,553329574053348,553329598805389,553329572788452,8259260,553329576069129,553329580324702,553329580521317,553329585221108,553329600883087,20260,4284531,553329600883087,553329590040067,553329602933504,553329585221108,
0,21253091,553329578856836,553329578856836,0,553329584468035,553329584472723,553329585582462,553329585769233,553329615311777,553329584370067,8258683,553329587795796,553329590212306,553329590445275,553329596324181,553329610510692,20989,4319271,553329610510692,553329601142254,553329611053035,553329596324181,
0,21253099,553329587101948,553329587101948,0,553329592926629,553329592943765,553329594962254,553329595122254,553329623570460,553329592827410,8258128,553329597238973,553329601342098,553329601713296,553329608160535,553329618964129,34011,2078229,553329618964129,553329610718296,553329627661317,553329608160535,
0,21253107,553329595349384,553329603607079,0,553329612261056,553329612271577,553329621581577,553329621712931,553329631828588,553329611839442,8257695,553329624855327,553329624949025,553329625125171,553329632865223,553329638867567,26666,190209,553329638867567,553329633361890,553329652363244,553329632865223,
0,21253116,553329620147502,553329620147502,0,553329627383556,553329627387046,553329628307306,553329628419754,553329656562220,553329627339181,8258509,553329630144337,553329633489598,553329633719390,553329639265015,553329647059285,20730,182864,553329647059285,553329639730275,553329660598660,553329639265015,
0,21253123,553329628394797,553329628394797,0,553329635071056,553329635075640,553329636113921,553329636250015,553329664820729,553329635015535,8258091,553329638123765,553329639883660,553329640180744,553329644686733,553329657552723,18073,2242292,553329657552723,553329647202827,553329668929910,553329644686733,
0,21253130,553329636652888,553329644910979,0,553329649566108,553329649572098,553329656097254,553329656270379,553329673078820,553329649216577,8258091,553329658738452,553329658855275,553329659013296,553329663369233,553329672169546,22813,289010,553329672169546,553329664135640,553329677148087,553329663369233,
0,21253139,553329653176925,553329653176925,0,553329661423504,553329661427775,553329662287462,553329662382462,553329681336911,553329661367827,8258357,553329663869598,553329664215848,553329664392983,553329669162410,553329681331317,15000,2932135,553329681331317,553329672408817,553329685446733,553329669162410,
0,21253148,553329669679764,553329669679764,0,553329670297358,553329670301421,553329673411212,553329673545379,553329689595268,553329670247202,8258057,553329675029858,553329675138712,553329675397306,553329680805535,553329689646681,27083,340729,553329689646681,553329681560640,553329701887567,553329680805535,
0,21253156,553329677937617,553329677937617,0,553329680324390,553329680331473,553329681760796,553329681901629,553329706120601,553329680228504,8257857,553329684382879,553329684499598,553329684750223,553329690129702,553329699691837,64010,340625,553329699691837,553329690881421,553329710245275,553329690129702,
0,21253163,553329686188174,553329686188174,0,553329693096525,553329693102462,553329693902254,553329694056265,553329714378458,553329693031369,8257396,553329696195692,553329696285796,553329696499077,553329701502462,553329710425587,29479,228386,553329710425587,553329702083765,553329718423035,553329701502462,
0,21253171,553329694445570,553329694445570,0,553329698846265,553329698850535,553329699636629,553329699769702,553329722635854,553329698778817,8257396,553329701641265,553329702209442,553329702444702,553329708721421,553329721339754,17448,1355625,553329721339754,553329710639181,553329726772410,553329708721421,
0,21253179,553329702703347,553329702703347,0,553329703793817,553329703801056,553329707735067,553329708063348,553329730893250,553329703711056,8257195,553329712286681,553329712381212,553329712599910,553329718066733,553329731402931,58073,3106875,553329731402931,553329721546629,553329735054390,553329718066733,
0,21253187,553329710949454,553329710949454,0,553329714148973,553329714152410,553329715100171,553329715224650,553329747398793,553329714096733,8256666,553329717166265,553329721775119,553329721979650,553329727279337,553329739979077,13646,3965782,553329739979077,553329731641785,553329743282046,553329727279337,
0,21253195,553329719211325,553329719211325,0,553329723808660,553329723812879,553329725678765,553329725829233,553329755655459,553329723732098,8256577,553329727957150,553329731818452,553329732113817,553329745022358,553329750730223,20313,191875,553329750730223,553329745617983,553329759704337,553329745022358,
0,21253218,553329744025695,553329744025695,-87377412,553329748668087,553329750065900,553329751959233,553329752077358,553329763912036,553329748629910,8259117,553329753538921,553329753606056,553329753790067,553329758368817,553329763441837,27864,218437,553329763441837,553329758985119,553329776270900,553329758368817,
0,21253233,553329752284812,553329752284812,-925469445,553329754386212,553329755519546,553329759111837,553329759271369,553329772171153,553329754353348,8259117,553329760203192,553329760259390,553329760443817,553329764703452,553329773612306,24896,278073,553329773612306,553329765302046,553329784475431,553329764703452,
0,21253247,553329760543514,553329768802374,-483298804,553329770963348,553329772445431,553329774234650,553329774338400,553329788728829,553329770657150,8258860,553329777599025,553329777673192,553329777829129,553329782335587,553329787228087,24479,197135,553329787228087,553329782873973,553329800991212,553329782335587,
0,21253270,553329777064530,553329777064530,-480099413,553329778433608,553329779771942,553329782095223,553329782275379,553329796987689,553329778399702,8259517,553329784414337,553329784477671,553329784635744,553329788726994,553329797892046,25469,168125,553329797892046,553329789165067,553329809269754,553329788726994,
0,21253284,553329785317387,553329793576502,-1040715381,553329798505067,553329799822931,553329803130952,553329803255067,553329813509747,553329798243869,8259115,553329804461577,553329804562931,553329804745796,553329809219181,553329814353192,26563,184584,553329814353192,553329809666473,553329825804233,553329809219181,
0,21253321,553329810059326,553329810059326,-153412072,553329810650223,553329811989077,553329815492671,553329815664337,553329830020513,553329810595275,8257342,553329819248348,553329819361212,553329819620119,553329824710483,553329830269546,34062,201979,553329830269546,553329825278348,553329842283139,553329824710483,
0,21253336,553329818316668,553329818316668,-904376333,553329820439181,553329822086837,553329823855587,553329823981317,553329846498018,553329820399702,8257342,553329825547931,553329825647514,553329825986629,553329835062150,553329842961525,45781,296250,553329842961525,553329835941212,553329850583608,553329835062150,
0,21253350,553329826559874,553329834816305,-418099056,553329835295744,553329839745067,553329843450952,553329843572827,553329854755360,553329834992567,8256431,553329844593452,553329844676525,553329844874077,553329849302879,553329854418504,22500,251250,553329854418504,553329850055692,553329867072931,553329849302879,
0,21253373,553329843079191,553329843079191,-524844489,553329847713296,553329849008608,553329849581733,553329849716733,553329863011791,553329847655639,8256789,553329851443921,553329851495744,553329851634389,553329856138087,553329863897723,22761,189219,553329863897723,553329856740796,553329875332619,553329856138087,
0,21253387,553329851341434,553329851341434,-796026433,553329852227567,553329853351942,553329853907358,553329854030223,553329879516224,553329852186525,8257359,553329855557619,553329856866264,553329857102410,553329861000796,553329869768348,22969,2773177,553329869768348,553329864197254,553329883579858,553329861000796,
0,21253402,553329859598793,553329859598793,-305756399,553329860508192,553329862381837,553329863089858,553329863227410,553329887773583,553329860443660,8257359,553329865255952,553329865322150,553329865572931,553329870371369,553329879716837,37031,219167,553329879716837,553329870900848,553329891856577,553329870371369,
0,21253417,553329867850130,553329867850130,-284359113,553329869167150,553329871524285,553329875111264,553329875284442,553329896030942,553329869091004,8256856,553329878415223,553329878500327,553329878690171,553329884221525,553329891165171,26406,226719,553329891165171,553329884810171,553329900256785,553329884221525,
0,21253432,553329876110331,553329876110331,-697930352,553329879410900,553329880704806,553329884370692,553329884501681,553329904287798,553329879370483,8257142,553329885396004,553329885469650,553329885632462,553329892236785,553329898602410,19115,277240,553329898602410,553329893017358,553329908355067,553329892236785,
0,21253447,553329884361713,553329884361713,-704272638,553329887767202,553329889213244,553329889905692,553329890008035,553329912544940,553329887709546,8256745,553329892114233,553329893149754,553329893360483,553329899650327,553329907034962,21250,346823,553329907034962,553329900493400,553329916580587,553329899650327,
0,21253462,553329892608207,553329900864226,-561603924,553329903248400,553329906410223,553329907221056,553329907375900,553329920801685,553329902912723,8256019,553329909514233,553329909602358,553329909772567,553329914779337,553329919309233,25365,216094,553329919309233,553329915336785,553329933095796,553329914779337,
0,21253485,553329909152737,553329909152737,-559070250,553329915290171,553329916683504,553329918220692,553329918346733,553329929057704,553329915227046,8257327,553329919896942,553329919965639,553329920209181,553329924893608,553329929519129,31458,224896,553329929519129,553329925383192,553329941487619,553329924893608,
0,21253514,553329925663863,553329925663863,-715525608,553329926255119,553329928230171,553329933525692,553329933740639,553329945591384,553329926193921,8257238,553329934786212,553329934885014,553329935081837,553329939533556,553329943022514,32292,359792,553329943022514,553329940335119,553329957893869,553329939533556,
0,21253529,553329933902271,553329933902271,-663229861,553329937561525,553329939702619,553329940494598,553329940639389,553329953848622,553329937389181,8256126,553329942454546,553329942503192,553329942639806,553329945435379,553329948185223,19740,175417,553329948185223,553329945894181,553329966187827,553329945435379,
0,21253543,553329942153792,553329942153792,-820113932,553329943135223,553329944146369,553329944542775,553329944632462,553329962104748,553329943105119,8256045,553329945824389,553329945997567,553329946227410,553329949281994,553329954545848,17865,221407,553329954545848,553329949796108,553329974433192,553329949281994,
0,21253558,553329950409837,553329950409837,-670994940,553329951370692,553329953438244,553329954291473,553329954471212,553329970360793,553329951296473,8256045,553329956797879,553329956869129,553329957058869,553329960773712,553329965361785,29687,231823,553329965361785,553329961441629,553329982649285,553329960773712,
0,21253573,553329958680797,553329958680797,-494648488,553329959599337,553329961585535,553329962473869,553329962726629,553329978616838,553329959540014,8256466,553329965655639,553329965723660,553329965881785,553329969537827,553329973337827,30782,207500,553329973337827,553329970105223,553329990938817,553329969537827,
0,21253588,553329966939552,553329966939552,-901475722,553329967509025,553329969658400,553329970513817,553329970729910,553329986873304,553329967454389,8256775,553329973504910,553329973634025,553329973886733,553329978070900,553329982067827,39531,323438,553329982067827,553329978794285,553329999264181,553329978070900,
0,21253603,553329975211829,553329975211829,-1058994118,553329976438869,553329978346837,553329979065848,553329979217410,553329995130079,553329976386837,8257875,553329981288244,553329981441525,553329981638817,553329985394806,553329990906837,34792,182969,553329990906837,553329985869129,553330007462619,553329985394806,
0,21253618,553329983479123,553329983479123,-793361616,553329984622775,553329986654806,553329991502462,553329991725431,553330003387954,553329984513660,8258668,553329994458973,553329994587046,553329994802046,553329999151629,553330005592983,35000,362083,553330005592983,553329999943296,553330015697723,553329999151629,
0,21253642,553330008249827,553330008249827,-997132633,553330008810535,553330008815067,553330009830014,553330009967254,553330019916493,553330008758087,8258430,553330011756264,553330011823869,553330011976941,553330017223921,553330019784598,81667,316615,553330019784598,553330017955848,553330032216629,553330017223921,
0,21253649,553330016502169,553330016502169,0,553330023028608,553330023032931,553330023797671,553330023919754,553330028168835,553330022982202,8257990,553330025556421,553330025621369,553330025770848,553330028987410,553330031417254,24584,223229,553330031417254,553330029524441,553330048778035,553330028987410,
0,21253657,553330024760159,553330024760159,0,553330027927983,553330027931577,553330028742879,553330028854181,553330044684815,553330027884546,8257990,553330030298921,553330030348973,553330030514754,553330033464754,553330036344337,19844,209688,553330036344337,553330033996681,553330056988869,553330033464754,
0,21253664,553330033009633,553330033009633,0,553330033630327,553330033635379,553330036550379,553330036708087,553330052942805,553330033571056,8257520,553330038390900,553330038472879,553330038693556,553330043134806,553330048207202,36823,351302,553330048207202,553330043977098,553330065309025,553330043134806,
0,21253672,553330041267153,553330041267153,0,553330042142566,553330042149546,553330048702931,553330048920744,553330061200325,553330042064598,8257520,553330050335379,553330050413504,553330050648869,553330054716837,553330058923504,27605,273750,553330058923504,553330055439129,553330073523608,553330054716837,
0,21253680,553330049520464,553330049520464,0,553330053657566,553330053662462,553330054686316,553330054815535,553330069457845,553330053595431,8257343,553330057132358,553330057208921,553330057364546,553330061418816,553330064392358,31979,216563,553330064392358,553330062047462,553330081761629,553330061418816,
0,21253688,553330057780221,553330057780221,0,553330058307827,553330058311316,553330059220535,553330059352358,553330077715188,553330058257410,8257303,553330061230431,553330062174702,553330062408816,553330066888139,553330071420848,41979,250000,553330071420848,553330067494598,553330090069858,553330066888139,
0,21253696,553330066033976,553330066033976,0,553330066969910,553330066976212,553330068600535,553330068791473,553330085972491,553330066898869,8257167,553330071194910,553330071265796,553330071602619,553330075270119,553330079777983,62292,195781,553330079777983,553330075784441,553330098275483,553330075270119,
0,21253704,553330074299735,553330074299735,0,553330074900431,553330074906785,553330080526004,553330080693921,553330094229658,553330074831785,8257507,553330083913921,553330084128452,553330084303139,553330087464389,553330090171108,26927,368386,553330090171108,553330088373244,553330106513504,553330087464389,
0,21253712,553330082554372,553330082554372,0,553330085571681,553330085577098,553330087006212,553330087144077,553330102487165,553330085502150,8257289,553330089834025,553330089916577,553330090055014,553330093447566,553330097290848,18906,277969,553330097290848,553330094130379,553330114775014,553330093447566,
0,21253720,553330090803026,553330090803026,0,553330091863712,553330091868191,553330094348244,553330094549129,553330110744454,553330091731108,8256708,553330096732462,553330096858504,553330097127723,553330100779702,553330104901681,36979,203385,553330104901681,553330101252619,553330123020379,553330100779702,
0,21253728,553330099065704,553330099065704,0,553330101611212,553330101618296,553330106103504,553330106266160,553330119001162,553330101536577,8256928,553330107185900,553330107300952,553330107499129,553330111633087,553330114287879,33333,269427,553330114287879,553330112288035,553330131764077,553330111633087,
0,21253736,553330107337271,553330107337271,0,553330110481889,553330110487358,553330112328608,553330112471994,553330127258090,553330110406421,8258391,553330114390796,553330114453816,553330114633035,553330118216577,553330121378452,26928,275365,553330121378452,553330118885327,553330139547619,553330118216577,
0,21253744,553330115584219,553330115584219,0,553330117084025,553330117086941,553330117931733,553330118057566,553330135516481,553330117025119,8257765,553330120418348,553330120490014,553330120666837,553330123618035,553330127539025,26146,295209,553330127539025,553330124222827,553330147797462,553330123618035,
0,21253752,553330123827035,553330123827035,0,553330124584702,553330124591316,553330125867931,553330126031837,553330143774246,553330124514702,8256717,553330127891473,553330127955587,553330128258035,553330133413869,553330137871108,27760,215677,553330137871108,553330133944025,553330156252827,553330133413869,
0,21253760,553330132067269,553330132067269,0,553330133199389,553330133206369,553330134909077,553330135129910,553330152030963,553330133126733,8255511,553330137864546,553330138030119,553330138307775,553330142011264,553330146176889,28855,217344,553330146176889,553330142550900,553330164387046,553330142011264,
0,21253768,553330140434247,553330140434247,0,553330141160066,553330141164910,553330142287619,553330142456785,553330160286474,553330141093035,8261886,553330145089650,553330145190587,553330145457202,553330149327775,553330153676056,41927,219791,553330153676056,553330149915483,553330172580900,553330149327775,
0,21253776,553330148675098,553330148675098,0,553330149623921,553330149630535,553330151094702,553330151303035,553330168548360,553330149544181,8260788,553330153523348,553330153626577,553330154025066,553330157807514,553330162913348,31250,195625,553330162913348,553330158303087,553330180885535,553330157807514,
0,21253784,553330156919880,553330156919880,0,553330157787410,553330157793921,553330159195691,553330159357358,553330176809148,553330157714337,8260108,553330162459910,553330162562775,553330162790431,553330167626004,553330171882098,28229,374427,553330171882098,553330168409337,553330189077879,553330167626004,
0,21253792,553330165207120,553330165207120,0,553330166501160,553330166514858,553330167972150,553330168689077,553330185069256,553330166301316,8261693,553330170727150,553330170805587,553330170975119,553330174396421,553330178661264,27969,162084,553330178661264,553330174804858,553330197408191,553330174396421,
0,21253800,553330173458702,553330173458702,0,553330175076004,553330175085119,553330177670587,553330177817983,553330193330949,553330174772514,8261038,553330179133087,553330179361264,553330179651629,553330183743191,553330187736473,43334,263437,553330187736473,553330184343608,553330205638296,553330183743191,
0,21253808,553330181699647,553330181699647,0,553330182537306,553330182543296,553330188607775,553330188801108,553330201591987,553330182468556,8259951,553330189954962,553330190059337,553330190317931,553330194274650,553330197146264,32604,223282,553330197146264,553330194860639,553330213861316,553330194274650,
0,21253816,553330189962708,553330189962708,0,553330193928816,553330193934181,553330196800587,553330196945796,553330209851938,553330193866316,8260532,553330197787566,553330197903035,553330198154337,553330201931473,553330204274181,32968,210104,553330204274181,553330202460535,553330222111941,553330201931473,
0,21253824,553330198201734,553330206461117,-679713675,553330207165014,553330208284858,553330212718244,553330212885900,553330218112470,553330206941316,8259383,553330214457306,553330214511994,553330214660066,553330217721473,553330220118191,27239,257344,553330220118191,553330218307827,553330238635118,553330217721473,
0,21253847,553330214698332,553330214698332,-779226630,553330217103296,553330218521837,553330223805379,553330223938348,553330234646549,553330217039337,8257820,553330226472983,553330226539702,553330226674233,553330229650014,553330234656056,29688,268437,553330234656056,553330230277306,553330246875483,553330229650014,
0,21253861,553330222942277,553330222942277,-670010350,553330228551056,553330229810952,553330230542306,553330230675223,553330251138458,553330228499025,8257063,553330232197879,553330232267358,553330232417931,553330235270743,553330237573243,20573,199843,553330237573243,553330235757306,553330255300327,553330235270743,
0,21253876,553330231199340,553330231199340,-831306090,553330236527410,553330237905066,553330238412098,553330238522879,553330259395521,553330236480900,8257063,553330240066577,553330240132931,553330240324077,553330243313400,553330245766368,23959,166146,553330245766368,553330243798191,553330263445431,553330243313400,
0,21253906,553330247682300,553330247682300,-411987893,553330248315431,553330250659441,553330251443400,553330251594493,553330267652584,553330248260327,8255219,553330253674337,553330253824233,553330254071108,553330258439285,553330263166368,54167,314843,553330263166368,553330259084962,553330280048191,553330258439285,
0,21253921,553330255921105,553330255921105,-735756047,553330257274910,553330259550275,553330260423139,553330260609389,553330275907803,553330257202775,8254106,553330262438608,553330262493139,553330262686316,553330265837098,553330268601525,26146,198282,553330268601525,553330266408660,553330288167202,553330265837098,
0,21253935,553330264201622,553330264201622,-366569613,553330264758191,553330266297150,553330269039181,553330269209025,553330284161909,553330264709598,8255241,553330274596160,553330274710171,553330274992410,553330279254910,553330286907306,50781,284479,553330286907306,553330280089910,553330296454858,553330279254910,
0,21253950,553330272456863,553330272456863,-862591851,553330275928191,553330277892150,553330278528296,553330278683243,553330300634011,553330275885796,8255241,553330280581941,553330280646681,553330280838087,553330285371525,553330293176421,23333,1053490,553330293176421,553330287040535,553330304751629,553330285371525,
0,21253965,553330280713599,553330280713599,-675105344,553330286853712,553330288186941,553330291168243,553330291300379,553330308889252,553330286808348,8255288,553330292679285,553330292755691,553330292932306,553330295788712,553330300916629,19896,204584,553330300916629,553330296430118,553330313151577,553330295788712,
0,21253995,553330297217765,553330297217765,-604758725,553330297772306,553330299172514,553330299899546,553330300184025,553330317144540,553330297733816,8254222,553330302438191,553330302519441,553330302757046,553330306700431,553330312343608,42813,272032,553330312343608,553330307423243,553330321199025,553330306700431,
0,21254010,553330305458694,553330305458694,-284704421,553330306508504,553330308434493,553330309147514,553330309306525,553330325398762,553330306401473,8253046,553330311497723,553330311623660,553330311905743,553330316960743,553330322189598,36250,345052,553330322189598,553330317798973,553330337836004,553330316960743,
0,21254025,553330313707914,553330313707914,-123593644,553330315113191,553330319128504,553330321752931,553330321904233,553330333651808,553330315035327,8252238,553330323721941,553330323798191,553330323988660,553330327454181,553330334286941,31979,345885,553330334286941,553330328187358,553330346069493,553330327454181,
0,21254047,553330330319485,553330330319485,-725383719,553330331006108,553330332708608,553330334895587,553330335047879,553330350131294,553330330956577,8259528,553330338968087,553330339053191,553330339273868,553330343023764,553330346163608,36563,219635,553330346163608,553330343575743,553330362542775,553330343023764,
0,21254062,553330338555127,553330338555127,-49808892,553330340167254,553330341677879,553330342213348,553330342328400,553330358390822,553330340124598,8258192,553330343858035,553330343920431,553330344229493,553330346690066,553330349646941,18073,187916,553330349646941,553330347187931,553330370785118,553330346690066,
0,21254076,553330346820580,553330346820580,-722299448,553330350758660,553330351929389,553330352381316,553330352480952,553330366649014,553330350716056,8258337,553330353946160,553330354012983,553330354163764,553330359514702,553330364598660,24532,224583,553330364598660,553330360167879,553330379072671,553330359514702,
0,21254091,553330355078917,553330355078917,-285457569,553330355987775,553330357559858,553330358170743,553330358292775,553330374907351,553330355948035,8258337,553330359807358,553330360277514,553330360499233,553330363784650,553330373062671,18489,649843,553330373062671,553330364773035,553330387342306,553330363784650,
0,21254106,553330363366867,553330363366867,-320978992,553330364433973,553330365935379,553330369593243,553330369763660,553330383165688,553330364383764,8260524,553330371363139,553330371435066,553330371659910,553330375265639,553330381122202,32500,213229,553330381122202,553330375883087,553330395555691,553330375265639,
0,21254121,553330371624638,553330371624638,-185399575,553330374513921,553330376043608,553330376833191,553330376978035,553330391426212,553330374457566,8260653,553330378678452,553330378743868,553330378903816,553330382056264,553330392778973,36302,260521,553330392778973,553330382734702,553330403815171,553330382056264,
0,21254136,553330379870270,553330379870270,-166936303,553330380612566,553330382820431,553330383752775,553330383940743,553330408073263,553330380551941,8259875,553330386220587,553330386388035,553330386779441,553330390142566,553330401708191,43958,2416563,553330401708191,553330392962879,553330412188243,553330390142566,
0,21254151,553330388130449,553330388130449,-568360776,553330388932202,553330390878764,553330391606212,553330391768504,553330416333138,553330388859025,8260052,553330394187462,553330394280952,553330394485327,553330397940327,553330409828764,24896,3579115,553330409828764,553330402813035,553330420340639,553330397940327,
0,21254166,553330396384265,553330396384265,-946046082,553330397284441,553330399343764,553330400257098,553330400478087,553330424593190,553330397210223,8259578,553330403271941,553330403348608,553330403569441,553330408419493,553330417422879,43230,1015730,553330417422879,553330410016577,553330428716629,553330408419493,
0,21254181,553330404637307,553330404637307,-469490797,553330405364389,553330407117618,553330407841525,553330407986160,553330432852768,553330405314702,8259421,553330409855639,553330410165691,553330410436421,553330414436108,553330422423921,21666,2711302,553330422423921,553330417537462,553330436823712,553330414436108,
0,21254196,553330412887852,553330412887852,-734011412,553330413732514,553330415643504,553330416482358,553330416622879,553330441112189,553330413661473,8258999,553330418497879,553330418570743,553330418767306,553330421937566,553330428463243,32552,285365,553330428463243,553330422642671,553330445107671,553330421937566,
0,21254211,553330421158728,553330421158728,-814117320,553330425034441,553330427152306,553330427921316,553330428336785,553330449371188,553330424917566,8259421,553330430619181,553330430720118,553330430938816,553330434731264,553330441931368,33854,224636,553330441931368,553330435373816,553330453404493,553330434731264,
0,21254226,553330429402917,553330429402917,-828494893,553330432924129,553330434265639,553330434872410,553330434985379,553330457630609,553330432847723,8258383,553330436981212,553330437056473,553330437273973,553330440915535,553330445283452,26927,533021,553330445283452,553330442028087,553330461610743,553330440915535,
0,21254241,553330437673378,553330437673378,-663132690,553330438311525,553330439846889,553330443515900,553330443718348,553330465888992,553330438265275,8258734,553330448467566,553330448533712,553330448700118,553330461860223,553330466876785,27135,333594,553330466876785,553330462534910,553330478129077,553330461860223,
0,21254256,553330445905907,553330445905907,-202071784,553330449800639,553330451902670,553330453851473,553330454053400,553330482374980,553330449732045,8256936,553330456361160,553330462742150,553330463019493,553330469005587,553330479792618,20364,196719,553330479792618,553330469525691,553330486356473,553330469005587,
0,21254271,553330454168353,553330462426029,-703957080,553330464503452,553330466604650,553330468081368,553330468281837,553330490631916,553330464144962,8257676,553330471058243,553330471124337,553330471265118,553330475147202,553330488927723,18490,4534687,553330488927723,553330480084025,553330494666889,553330475147202,
0,21254301,553330478939367,553330478939367,0,553330483858295,553330483862618,553330485019754,553330485126056,553330498889592,553330483821004,8257787,553330486942983,553330487008087,553330487287410,553330492195900,553330497639129,32187,251667,553330497639129,553330492899233,553330511165014,553330492195900,
0,21254309,553330487176832,553330487176832,0,553330488404598,553330488408295,553330503977775,553330504159389,553330507147379,553330488350275,8256318,553330507361368,553330507482775,553330507737931,553330512414650,553330518079493,37969,240313,553330518079493,553330513023087,553330527680275,553330512414650,
0,21254316,553330495411309,553330503666130,0,553330510851368,553330510856577,553330513955223,553330514076941,553330531868770,553330510336629,8254821,553330515351889,553330515430014,553330515580066,553330520092410,553330529279702,24271,298802,553330529279702,553330520815952,553330535958868,553330520092410,
0,21254324,553330511919695,553330511919695,0,553330516601525,553330516605223,553330517464962,553330517582775,553330540123591,553330516559545,8254567,553330519093712,553330520948191,553330521139545,553330526557306,553330539711837,16614,2453021,553330539711837,553330529446889,553330544311889,553330526557306,
0,21254332,553330520174262,553330520174262,0,553330524461785,553330524466941,553330525749962,553330525925952,553330548378158,553330524383504,8254567,553330527857723,553330529617306,553330529882723,553330535213556,553330548998764,22812,4156458,553330548998764,553330540070795,553330552550691,553330535213556,
0,21254340,553330528452198,553330528452198,0,553330535801629,553330535816004,553330537353035,553330537610066,553330564859196,553330535683608,8256280,553330540272879,553330540361733,553330540572827,553330546364077,553330558513035,27656,2420000,553330558513035,553330549247202,553330560743920,553330546364077,
0,21254348,553330536692557,553330536692557,0,553330543619962,553330543624598,553330561885848,553330562009650,553330573115476,553330543531577,8255068,553330564753452,553330564832098,553330565028712,553330570130066,553330576165431,29740,262812,553330576165431,553330570748243,553330585525691,553330570130066,
0,21254356,553330544961222,553330561473050,0,553330566132566,553330566135795,553330569017879,553330569115848,553330589634563,553330565920066,8255914,553330570348868,553330570867723,553330571041368,553330579625066,553330589586785,16459,244219,553330589586785,553330580255639,553330593743973,553330579625066,
0,21254364,553330569783955,553330578042504,0,553330580203295,553330580207775,553330581258556,553330581364598,553330597890477,553330579816941,8258549,553330585500535,553330585582202,553330585736993,553330591765223,553330597960639,29167,183854,553330597960639,553330592344598,553330610265431,553330591765223,
0,21254373,553330586296639,553330586296639,0,553330588675535,553330588681525,553330592231785,553330592347045,553330614484817,553330588606473,8258262,553330594242098,553330594297618,553330594440223,553330599088920,553330608539129,18542,181198,553330608539129,553330599605223,553330618481264,553330599088920,
0,21254380,553330594557036,553330594557036,0,553330595252045,553330595255014,553330595977775,553330596124493,553330622743079,553330595214233,8258396,553330597867931,553330599721785,553330599902983,553330604526212,553330619014233,26250,3784635,553330619014233,553330608681889,553330626869077,553330604526212,
0,21254388,553330602815432,553330602815432,0,553330607053087,553330607058556,553330607784598,553330607891316,553330631001475,553330607000066,8258396,553330609882983,553330609952098,553330610130691,553330615268087,553330629328348,28021,3525157,553330629328348,553330619165587,553330635010066,553330615268087,
0,21254396,553330611066794,553330611066794,0,553330612630066,553330612634337,553330613806368,553330613926056,553330639259871,553330612530587,8258167,553330615303400,553330619319389,553330619584129,553330626552462,553330639728087,23854,2508125,553330639728087,553330629526264,553330643420795,553330626552462,
0,21254404,553330619314565,553330619314565,0,553330622286993,553330622290848,553330626215170,553330626441577,553330655766128,553330622229389,8257587,553330628538139,553330629674650,553330629995743,553330636395952,553330649036785,19063,3058906,553330649036785,553330639880795,553330651561212,553330636395952,
0,21254412,553330627553542,553330627553542,0,553330633566160,553330633593191,553330635310743,553330635453035,553330664023715,553330633465223,8256607,553330637650066,553330640138712,553330640452827,553330645247775,553330656594806,30885,3553178,553330656594806,553330649275691,553330659803035,553330645247775,
0,21254420,553330635839500,553330644097797,0,553330646081785,553330646087514,553330647359389,553330647587306,553330672280322,553330645696108,8258297,553330649767827,553330649832045,553330650001368,553330654783556,553330663917202,21823,1624740,553330663917202,553330656801473,553330668291681,553330654783556,
0,21254429,553330652378496,553330652378496,0,553330654646108,553330654650431,553330657902983,553330658051212,553330680538619,553330654594545,8259830,553330661041160,553330661133764,553330661328087,553330666636108,553330671609754,28645,179167,553330671609754,553330667223608,553330684569025,553330666636108,
0,21254437,553330660628043,553330660628043,0,553330662460483,553330662463816,553330663348920,553330663480795,553330688798449,553330662417723,8259251,553330665187514,553330667360014,553330667673347,553330672833243,553330678421993,23230,193386,553330678421993,553330673380483,553329462416265,553330672833243,
0,21254444,553330668877483,553330677136259,0,553330679573087,553330679577722,553330680675170,553330680797879,553330680544149,553330679266785,8258776,553330685624858,553330685711472,553330685886264,553330696586629,553329456502879,25000,163854,553329456502879,553330697038035,553329470719546,553330696586629,
0,21254453,553330685439689,553330685439689,0,553330692964233,553330692968452,553330693707202,553330693838712,553330697106355,553330692908920,8260987,553330696058347,553330697155327,553330697368452,553330701781472,553329467820588,22500,264115,553329467820588,553330702435900,553329478923556,553330701781472,
0,21254460,553330693681518,553330693681518,0,553330698856681,553330698864493,553330700402618,553330700530900,553330705348184,553330698785587,8260080,553330702132202,553330702520900,553330702688295,553330706371889,553329476282046,18073,165261,553329476282046,553330706920952,553329487284598,553330706371889,
---PROFILEDATA---


View hierarchy:

  com.paifa.ubikitouch/com.paifa.ubikitouch.app.MainActivity/android.view.ViewRootImpl@242e483
  10 views, 19.06 kB of render nodes

  /android.view.ViewRootImpl@8a82c79
  3 views, 4.34 kB of render nodes


Total ViewRootImpl   : 2
Total attached Views : 13
Total RenderNode     : 23.40 kB (used) / 67.04 kB (capacity)

