Applications Graphics Acceleration Info:
Uptime: 553346890 Realtime: 600871969

** Graphics info for pid 31119 [com.paifa.ubikitouch] **

Stats since: 553340898707875ns
Total frames rendered: 577
Janky frames: 95 (16.46%)
Janky frames (legacy): 160 (27.73%)
50th percentile: 18ms
90th percentile: 27ms
95th percentile: 29ms
99th percentile: 38ms
Number Missed Vsync: 15
Number High input latency: 1051
Number Slow UI thread: 87
Number Slow bitmap uploads: 0
Number Slow issue draw commands: 93
Number Frame deadline missed: 95
Number Frame deadline missed (legacy): 2
HISTOGRAM: 5ms=0 6ms=0 7ms=0 8ms=2 9ms=16 10ms=3 11ms=16 12ms=32 13ms=39 14ms=46 15ms=39 16ms=26 17ms=50 18ms=33 19ms=19 20ms=32 21ms=29 22ms=27 23ms=19 24ms=24 25ms=28 26ms=29 27ms=17 28ms=13 29ms=15 30ms=4 31ms=1 32ms=5 34ms=5 36ms=2 38ms=1 40ms=1 42ms=1 44ms=1 46ms=0 48ms=0 53ms=0 57ms=0 61ms=0 65ms=0 69ms=0 73ms=1 77ms=1 81ms=0 85ms=0 89ms=0 93ms=0 97ms=0 101ms=0 105ms=0 109ms=0 113ms=0 117ms=0 121ms=0 125ms=0 129ms=0 133ms=0 150ms=0 200ms=0 250ms=0 300ms=0 350ms=0 400ms=0 450ms=0 500ms=0 550ms=0 600ms=0 650ms=0 700ms=0 750ms=0 800ms=0 850ms=0 900ms=0 950ms=0 1000ms=0 1050ms=0 1100ms=0 1150ms=0 1200ms=0 1250ms=0 1300ms=0 1350ms=0 1400ms=0 1450ms=0 1500ms=0 1550ms=0 1600ms=0 1650ms=0 1700ms=0 1750ms=0 1800ms=0 1850ms=0 1900ms=0 1950ms=0 2000ms=0 2050ms=0 2100ms=0 2150ms=0 2200ms=0 2250ms=0 2300ms=0 2350ms=0 2400ms=0 2450ms=0 2500ms=0 2550ms=0 2600ms=0 2650ms=0 2700ms=0 2750ms=0 2800ms=0 2850ms=0 2900ms=0 2950ms=0 3000ms=0 3050ms=0 3100ms=0 3150ms=0 3200ms=0 3250ms=0 3300ms=0 3350ms=0 3400ms=0 3450ms=0 3500ms=0 3550ms=0 3600ms=0 3650ms=0 3700ms=0 3750ms=0 3800ms=0 3850ms=0 3900ms=0 3950ms=0 4000ms=0 4050ms=0 4100ms=0 4150ms=0 4200ms=0 4250ms=0 4300ms=0 4350ms=0 4400ms=0 4450ms=0 4500ms=0 4550ms=0 4600ms=0 4650ms=0 4700ms=0 4750ms=0 4800ms=0 4850ms=0 4900ms=0 4950ms=0
50th gpu percentile: 6ms
90th gpu percentile: 11ms
95th gpu percentile: 12ms
99th gpu percentile: 16ms
GPU HISTOGRAM: 1ms=0 2ms=0 3ms=59 4ms=60 5ms=94 6ms=97 7ms=58 8ms=68 9ms=48 10ms=30 11ms=18 12ms=17 13ms=13 14ms=5 15ms=4 16ms=3 17ms=3 18ms=0 19ms=0 20ms=0 21ms=0 22ms=0 23ms=0 24ms=0 25ms=0 4950ms=0

Pipeline=Skia (OpenGL)
Memory policy:
  Max surface area: 2592000
  Max resource usage: 373.25MB (x144)
  Background retention: 50% (altUiHidden = true)
  GPU Context timeout: 10
Contexts: 2 (stopped = 0)
CPU Caches:
  Glyph Cache: 547.48 KB (1 entry)
  Shadows: 8.70 KB (7 entries)
  Glyph Count: 101 
Total CPU memory usage:
  569520 bytes, 556.17 KB (0.00 bytes is purgeable)
GPU Caches:
  SW Path Mask:
    Texture: 1.36 MB (1 entry)
  Other:
    Other: 61.03 KB (1 entry)
    Buffer Object: 2.49 KB (4 entries)
    StencilAttachment: 8.00 MB (1 entry)
  Image:
    Texture: 406.33 KB (55 entries)
  Scratch:
    RenderTarget: 326.45 MB (419 entries)
    Buffer Object: 78.00 KB (2 entries)
    Texture: 8.11 MB (27 entries)
Total GPU memory usage:
  361184000 bytes, 344.45 MB (5.61 MB is purgeable)

Profile data in ms:

	com.paifa.ubikitouch/com.paifa.ubikitouch.app.MainActivity/android.view.ViewRootImpl@242e483 (visibility=0)
Window: com.paifa.ubikitouch/com.paifa.ubikitouch.app.MainActivity
Stats since: 553340897911781ns
Total frames rendered: 0
Janky frames: 0 (0.00%)
Janky frames (legacy): 0 (0.00%)
50th percentile: 4950ms
90th percentile: 4950ms
95th percentile: 4950ms
99th percentile: 4950ms
Number Missed Vsync: 0
Number High input latency: 0
Number Slow UI thread: 0
Number Slow bitmap uploads: 0
Number Slow issue draw commands: 0
Number Frame deadline missed: 0
Number Frame deadline missed (legacy): 0
HISTOGRAM: 5ms=0 6ms=0 7ms=0 8ms=0 9ms=0 10ms=0 11ms=0 12ms=0 13ms=0 14ms=0 15ms=0 16ms=0 17ms=0 18ms=0 19ms=0 20ms=0 21ms=0 22ms=0 23ms=0 24ms=0 25ms=0 26ms=0 27ms=0 28ms=0 29ms=0 30ms=0 31ms=0 32ms=0 34ms=0 36ms=0 38ms=0 40ms=0 42ms=0 44ms=0 46ms=0 48ms=0 53ms=0 57ms=0 61ms=0 65ms=0 69ms=0 73ms=0 77ms=0 81ms=0 85ms=0 89ms=0 93ms=0 97ms=0 101ms=0 105ms=0 109ms=0 113ms=0 117ms=0 121ms=0 125ms=0 129ms=0 133ms=0 150ms=0 200ms=0 250ms=0 300ms=0 350ms=0 400ms=0 450ms=0 500ms=0 550ms=0 600ms=0 650ms=0 700ms=0 750ms=0 800ms=0 850ms=0 900ms=0 950ms=0 1000ms=0 1050ms=0 1100ms=0 1150ms=0 1200ms=0 1250ms=0 1300ms=0 1350ms=0 1400ms=0 1450ms=0 1500ms=0 1550ms=0 1600ms=0 1650ms=0 1700ms=0 1750ms=0 1800ms=0 1850ms=0 1900ms=0 1950ms=0 2000ms=0 2050ms=0 2100ms=0 2150ms=0 2200ms=0 2250ms=0 2300ms=0 2350ms=0 2400ms=0 2450ms=0 2500ms=0 2550ms=0 2600ms=0 2650ms=0 2700ms=0 2750ms=0 2800ms=0 2850ms=0 2900ms=0 2950ms=0 3000ms=0 3050ms=0 3100ms=0 3150ms=0 3200ms=0 3250ms=0 3300ms=0 3350ms=0 3400ms=0 3450ms=0 3500ms=0 3550ms=0 3600ms=0 3650ms=0 3700ms=0 3750ms=0 3800ms=0 3850ms=0 3900ms=0 3950ms=0 4000ms=0 4050ms=0 4100ms=0 4150ms=0 4200ms=0 4250ms=0 4300ms=0 4350ms=0 4400ms=0 4450ms=0 4500ms=0 4550ms=0 4600ms=0 4650ms=0 4700ms=0 4750ms=0 4800ms=0 4850ms=0 4900ms=0 4950ms=0
50th gpu percentile: 4950ms
90th gpu percentile: 4950ms
95th gpu percentile: 4950ms
99th gpu percentile: 4950ms
GPU HISTOGRAM: 1ms=0 2ms=0 3ms=0 4ms=0 5ms=0 6ms=0 7ms=0 8ms=0 9ms=0 10ms=0 11ms=0 12ms=0 13ms=0 14ms=0 15ms=0 16ms=0 17ms=0 18ms=0 19ms=0 20ms=0 21ms=0 22ms=0 23ms=0 24ms=0 25ms=0 4950ms=0



---PROFILEDATA---
Flags,FrameTimelineVsyncId,IntendedVsync,Vsync,InputEventId,HandleInputStart,AnimationStart,PerformTraversalsStart,DrawStart,FrameDeadline,FrameInterval,FrameStartTime,SyncQueued,SyncStart,IssueDrawCommandsStart,SwapBuffers,FrameCompleted,DequeueBufferDuration,QueueBufferDuration,GpuCompleted,SwapBuffersCompleted,DisplayPresentTime,CommandSubmissionCompleted,
---PROFILEDATA---


	/android.view.ViewRootImpl@8a82c79 (visibility=0)
Window: 
Stats since: 553340898707562ns
Total frames rendered: 578
Janky frames: 95 (16.44%)
Janky frames (legacy): 161 (27.85%)
50th percentile: 18ms
90th percentile: 27ms
95th percentile: 29ms
99th percentile: 38ms
Number Missed Vsync: 15
Number High input latency: 1053
Number Slow UI thread: 87
Number Slow bitmap uploads: 0
Number Slow issue draw commands: 93
Number Frame deadline missed: 95
Number Frame deadline missed (legacy): 2
HISTOGRAM: 5ms=0 6ms=0 7ms=0 8ms=2 9ms=16 10ms=3 11ms=16 12ms=32 13ms=39 14ms=46 15ms=39 16ms=26 17ms=50 18ms=33 19ms=19 20ms=32 21ms=29 22ms=27 23ms=19 24ms=24 25ms=28 26ms=30 27ms=17 28ms=13 29ms=15 30ms=4 31ms=1 32ms=5 34ms=5 36ms=2 38ms=1 40ms=1 42ms=1 44ms=1 46ms=0 48ms=0 53ms=0 57ms=0 61ms=0 65ms=0 69ms=0 73ms=1 77ms=1 81ms=0 85ms=0 89ms=0 93ms=0 97ms=0 101ms=0 105ms=0 109ms=0 113ms=0 117ms=0 121ms=0 125ms=0 129ms=0 133ms=0 150ms=0 200ms=0 250ms=0 300ms=0 350ms=0 400ms=0 450ms=0 500ms=0 550ms=0 600ms=0 650ms=0 700ms=0 750ms=0 800ms=0 850ms=0 900ms=0 950ms=0 1000ms=0 1050ms=0 1100ms=0 1150ms=0 1200ms=0 1250ms=0 1300ms=0 1350ms=0 1400ms=0 1450ms=0 1500ms=0 1550ms=0 1600ms=0 1650ms=0 1700ms=0 1750ms=0 1800ms=0 1850ms=0 1900ms=0 1950ms=0 2000ms=0 2050ms=0 2100ms=0 2150ms=0 2200ms=0 2250ms=0 2300ms=0 2350ms=0 2400ms=0 2450ms=0 2500ms=0 2550ms=0 2600ms=0 2650ms=0 2700ms=0 2750ms=0 2800ms=0 2850ms=0 2900ms=0 2950ms=0 3000ms=0 3050ms=0 3100ms=0 3150ms=0 3200ms=0 3250ms=0 3300ms=0 3350ms=0 3400ms=0 3450ms=0 3500ms=0 3550ms=0 3600ms=0 3650ms=0 3700ms=0 3750ms=0 3800ms=0 3850ms=0 3900ms=0 3950ms=0 4000ms=0 4050ms=0 4100ms=0 4150ms=0 4200ms=0 4250ms=0 4300ms=0 4350ms=0 4400ms=0 4450ms=0 4500ms=0 4550ms=0 4600ms=0 4650ms=0 4700ms=0 4750ms=0 4800ms=0 4850ms=0 4900ms=0 4950ms=0
50th gpu percentile: 6ms
90th gpu percentile: 11ms
95th gpu percentile: 12ms
99th gpu percentile: 16ms
GPU HISTOGRAM: 1ms=0 2ms=0 3ms=59 4ms=60 5ms=94 6ms=97 7ms=58 8ms=68 9ms=48 10ms=30 11ms=18 12ms=18 13ms=13 14ms=5 15ms=4 16ms=3 17ms=3 18ms=0 19ms=0 20ms=0 21ms=0 22ms=0 23ms=0 24ms=0 25ms=0 4950ms=0



---PROFILEDATA---
Flags,FrameTimelineVsyncId,IntendedVsync,Vsync,InputEventId,HandleInputStart,AnimationStart,PerformTraversalsStart,DrawStart,FrameDeadline,FrameInterval,FrameStartTime,SyncQueued,SyncStart,IssueDrawCommandsStart,SwapBuffers,FrameCompleted,DequeueBufferDuration,QueueBufferDuration,GpuCompleted,SwapBuffersCompleted,DisplayPresentTime,CommandSubmissionCompleted,
0,21260998,553345693980685,553345702237847,-111995616,553345704594071,553345705591519,553345705967456,553345706067144,553345722177153,553345704341988,8257162,553345707528915,553345707611675,553345707801363,553345715230373,553345720617977,30365,225938,553345720617977,553345715844696,553345734522508,553345715230373,
0,21261028,553345718744557,553345718744557,0,553345719135373,553345719139331,553345719751779,553345719821363,553345730411223,553345719102717,8256953,553345721337300,553345721375321,553345721583238,553345726662665,553345737419852,43698,261875,553345737419852,553345727290113,553345742742092,553345726662665,
0,21261036,553345727001510,553345727001510,0,553345728100790,553345728110425,553345729742040,553345729930581,553345755182082,553345727931883,8256953,553345732518029,553345732637613,553345733026623,553345739075373,553345747095738,49010,505938,553345747095738,553345740195008,553345759232613,553345739075373,
0,21261044,553345735255407,553345735255407,0,553345735956050,553345735963342,553345740930685,553345741120113,553345763439035,553345735897769,8256982,553345744394748,553345744527352,553345744759644,553345752507092,553345761682717,33958,247343,553345761682717,553345753107404,553345767482560,553345752507092,
0,21261051,553345743522613,553345743522613,0,553345747522352,553345747527144,553345750536519,553345750650842,553345771696017,553345747452248,8257500,553345752129279,553345753221154,553345753384123,553345758442717,553345770890321,15261,3069219,553345770890321,553345761818394,553345775964696,553345758442717,
0,21261059,553345751780113,553345751780113,0,553345755601050,553345755605321,553345756435477,553345756525321,553345779953517,553345755544904,8257500,553345757967144,553345761941415,553345762145269,553345766012717,553345781294123,12136,4671875,553345781294123,553345771141363,553345784064071,553345766012717,
0,21261067,553345760031029,553345760031029,0,553345763564488,553345763571258,553345765318810,553345765498238,553345796476779,553345763493810,8257051,553345767894800,553345771306675,553345771511831,553345778830842,553345790828446,20156,2290937,553345790828446,553345781619071,553345792283654,553345778830842,
0,21261075,553345768274829,553345768274829,0,553345773025477,553345773032092,553345774119748,553345774323081,553345804733830,553345772948342,8256217,553345777379956,553345781853081,553345782231831,553345788278654,553345799171988,34063,2307187,553345799171988,553345791113185,553345808831727,553345788278654,
0,21261083,553345776523482,553345784779276,0,553345785496415,553345785502248,553345795937508,553345796167665,553345812990047,553345785097873,8255794,553345798381258,553345798455321,553345798641988,553345804419227,553345809816258,28594,232657,553345809816258,553345804936363,553345825366102,553345804419227,
0,21261091,553345793089111,553345793089111,0,553345800935581,553345800940425,553345801733133,553345801835113,553345821245841,553345800885373,8258285,553345803132977,553345805052717,553345805270790,553345810195425,553345816449019,14010,352760,553345816449019,553345811067144,553345833973602,553345810195425,
0,21261099,553345801347396,553345801347396,0,553345806405894,553345806411102,553345809403654,553345809578185,553345829504126,553345806345946,8258285,553345811233133,553345811334800,553345811792092,553345816912613,553345826201154,36250,214896,553345826201154,553345817473185,553345841809696,553345816912613,
0,21261106,553345809593886,553345809593886,0,553345815146102,553345815151779,553345816387040,553345816613654,553345837762411,553345815057352,8257575,553345818940477,553345819068185,553345819364279,553345827395269,553345839666415,1423698,230781,553345839666415,553345828183081,553345850056571,553345827395269,
0,21261114,553345817851461,553345817851461,0,553345820829696,553345820833394,553345821608029,553345821749071,553345854290852,553345820773081,8257575,553345824114227,553345828350581,553345828702196,553345835198238,553345849045217,1910313,4275469,553345849045217,553345839952456,553345858349175,553345835198238,
0,21261122,553345826121979,553345834380463,0,553345838179227,553345838186779,553345844660425,553345844880998,553345862548427,553345837786727,8258484,553345847514435,553345847589279,553345848391831,553345853230165,553345861868810,25104,303073,553345861868810,553345853909019,553345866593394,553345853230165,
0,21261131,553345842731804,553345850994664,0,553345853525842,553345853531258,553345854516467,553345854718081,553345870806911,553345853232508,8262860,553345856722873,553345856804852,553345857063185,553345864350269,553345869559488,33750,283229,553345869559488,553345864993394,553345883154800,553345864350269,
0,21261140,553345859202724,553345859202724,0,553345859863810,553345859869852,553345860967248,553345861316623,553345879069771,553345859803185,8260476,553345863554644,553345865119071,553345865390425,553345878293602,553345886015217,19844,193125,553345886015217,553345878775321,553345891365946,553345878293602,
0,21261147,553345867460459,553345875721273,0,553345881332300,553345881337873,553345882040790,553345882187769,553345903911294,553345881023602,8260814,553345883948394,553345885290269,553345885491102,553345888806779,553345893755633,30729,181719,553345893755633,553345889305529,553345907905321,553345888806779,
0,21261156,553345883968132,553345883968132,0,553345888881623,553345888887144,553345889789488,553345889932613,553345912172108,553345888817977,8260322,553345891409540,553345891460217,553345891692925,553345895883758,553345902654644,21354,210417,553345902654644,553345896573706,553345916234019,553345895883758,
0,21261163,553345892225785,553345892225785,0,553345892822821,553345892829279,553345898284227,553345898500321,553345920432430,553345892763029,8260348,553345903495581,553345903593863,553345904067560,553345910657821,553345918243602,61094,201354,553345918243602,553345911196727,553345924408394,553345910657821,
0,21261171,553345900486133,553345900486133,0,553345905242925,553345905246623,553345908668706,553345908909019,553345928692778,553345905190581,8260348,553345910464852,553345911317717,553345911576258,553345917064852,553345927117560,18542,962865,553345927117560,553345918452977,553345932636623,553345917064852,
0,21261179,553345908727364,553345916986812,-35748453,553345920070529,553345921451571,553345930985060,553345931121935,553345936953126,553345919728863,8259448,553345934577196,553345934697196,553345935040373,553345939139383,553345944389852,39323,262657,553345944389852,553345939815269,553345957443863,553345939139383,
0,21261195,553345925236358,553345933495146,-181830616,553345936997873,553345938039279,553345939357300,553345939470165,553345961691270,553345936737717,8258788,553345940920633,553345940986258,553345941209852,553345945976831,553345954187977,32448,203854,553345954187977,553345946574435,553345965688237,553345945976831,
0,21261216,553345941739045,553345941739045,-640681861,553345942273967,553345943345581,553345946705946,553345946855269,553345969950058,553345942229279,8258022,553345947617300,553345947685633,553345947905321,553345953444488,553345962501102,21510,418021,553345962501102,553345954352404,553345973993967,553345953444488,
0,21261231,553345949997067,553345949997067,-383828919,553345955403238,553345956795946,553345957269644,553345957384227,553345978208080,553345955342560,8258022,553345959400165,553345959494748,553345959740998,553345965719227,553345974132144,32656,293386,553345974132144,553345966485998,553345982206102,553345965719227,
0,21261246,553345958227030,553345958227030,-1032563159,553345961471258,553345962854904,553345963318446,553345963449748,553345986466102,553345961405894,8256479,553345965136779,553345966634227,553345966911883,553345973140373,553345981764175,34948,699115,553345981764175,553345974592560,553345990455269,553345973140373,
0,21261261,553345966478324,553345966478324,-705190958,553345968263290,553345969485112,553345971890790,553345972137977,553345994722581,553345968207144,8256193,553345973761779,553345974742612,553345975009748,553345981186258,553345990480217,21094,382604,553345990480217,553345982069123,553345998707717,553345981186258,
0,21261276,553345974721250,553345974721250,-156965016,553345975950060,553345977676831,553345983099071,553345983294227,553346002978774,553345975891571,8255335,553345984346467,553345984450425,553345984731415,553345990090112,553345998875685,24792,341718,553345998875685,553345990823550,553346006973081,553345990090112,
0,21261291,553345982974005,553345982974005,-1016709421,553345986713185,553345988338550,553345990574956,553345990713915,553346011234109,553345986659331,8254818,553345994390165,553345994470217,553345994688290,553346000329592,553346008704904,24583,268646,553346008704904,553346001008602,553346015209748,553346000329592,
0,21261306,553345991213960,553345991213960,-502103053,553345995306727,553345996738290,553345997405529,553345997530998,553346019488927,553345995268237,8253623,553345999571935,553346001154644,553346001358862,553346007166102,553346016178550,17656,1253854,553346016178550,553346008912300,553346023484540,553346007166102,
0,21261321,553345999482876,553346007737759,-845881715,553346009076883,553346012945165,553346014496727,553346014693862,553346027742550,553346008683654,8254883,553346016519331,553346016589956,553346016789383,553346021407925,553346026350737,28854,213958,553346026350737,553346021973810,553346039974592,553346021407925,
0,21261344,553346015976631,553346015976631,-2780345,553346022054852,553346023227040,553346026178602,553346026388654,553346035997433,553346021980321,8253607,553346027271102,553346027359956,553346027536727,553346032393394,553346038752404,32552,317500,553346038752404,553346033115060,553346048265529,553346032393394,
0,21261373,553346032475766,553346032475766,-749485898,553346033125112,553346034411415,553346038063237,553346038192977,553346052404118,553346033068290,8252999,553346040506415,553346040607821,553346040835425,553346046079279,553346051149904,28750,284948,553346051149904,553346046838498,553346064738654,553346046079279,
0,21261388,553346040729646,553346040729646,-199877212,553346041393498,553346042498498,553346043083967,553346043185581,553346060657117,553346041358290,8252910,553346045436519,553346047006102,553346047258290,553346062074904,553346066291310,22761,180938,553346066291310,553346062527144,553346081311883,553346062074904,
0,21261402,553346049029311,553346057286161,-929346609,553346058421987,553346059514748,553346063829540,553346063963237,553346085407952,553346058183394,8256850,553346065340008,553346065457560,553346065652560,553346069049696,553346074763394,20729,164062,553346074763394,553346069606935,553346089565425,553346069049696,
0,21261424,553346065540248,553346065540248,-734896559,553346067986258,553346069497248,553346072724487,553346072825842,553346093664802,553346067928133,8256581,553346073447092,553346073526935,553346073716154,553346077824279,553346084239644,24115,169010,553346084239644,553346078262196,553346097775790,553346077824279,
0,21261439,553346073796829,553346073796829,-154484920,553346076070217,553346077632300,553346078271935,553346078500633,553346101921383,553346075956362,8256581,553346080538550,553346080608758,553346080832300,553346086560946,553346094606935,24167,267552,553346094606935,553346087373706,553346106049227,553346086560946,
0,21261454,553346082038264,553346082038264,-881510014,553346082811675,553346084719279,553346086465894,553346086609487,553346110177964,553346082745269,8255679,553346087420321,553346087536727,553346087889383,553346092315165,553346099842456,25677,2098021,553346099842456,553346095012300,553346114290321,553346092315165,
0,21261469,553346090301106,553346090301106,-625937564,553346091440529,553346093240737,553346097362925,553346097508706,553346118433643,553346091345477,8255925,553346100090998,553346100214435,553346100426571,553346104771935,553346112123446,30990,231511,553346112123446,553346105374904,553346122569800,553346104771935,
0,21261484,553346098559817,553346098559817,-363621614,553346101157925,553346102329540,553346106086623,553346106227196,553346126689568,553346101116779,8255906,553346107014956,553346107083862,553346107257769,553346112542717,553346119493498,21198,188750,553346119493498,553346113075894,553346130873654,553346112542717,
0,21261499,553346106814374,553346115070297,-3811473,553346118259487,553346119626987,553346120157925,553346120269904,553346134945474,553346117975269,8255923,553346121698290,553346121767665,553346121916571,553346126841727,553346131037977,40521,301615,553346131037977,553346127491415,553346147329019,553346126841727,
0,21261522,553346123319533,553346123319533,-917541497,553346124110217,553346125531258,553346126044487,553346126185269,553346143201397,553346123990425,8255450,553346127834435,553346127897925,553346128110112,553346136939383,553346143458758,16198,247084,553346143458758,553346137518550,553346155586467,553346136939383,
0,21261536,553346131588496,553346131588496,-846437781,553346132307040,553346133377352,553346135176154,553346135345425,553346159752549,553346132258081,8256478,553346136706727,553346137646310,553346137908446,553346141429175,553346145518446,19844,1813333,553346145518446,553346143572248,553346163816727,553346141429175,
0,21261551,553346139844974,553346139844974,-962838564,553346140641987,553346142479435,553346146282769,553346146485581,553346168009027,553346140568915,8256478,553346147205633,553346147303654,553346147496102,553346150874019,553346153346727,26719,174271,553346153346727,553346151328915,553346172177248,553346150874019,
0,21261566,553346148114157,553346148114157,-484721484,553346149074696,553346150239435,553346150749852,553346150867717,553346176265505,553346149031206,8257092,553346152335112,553346152421883,553346152602873,553346156306571,553346160367352,23021,146458,553346160367352,553346156754956,553346180426050,553346156306571,
0,21261581,553346156364233,553346156364233,-1033613394,553346157027665,553346158679800,553346160919592,553346161070008,553346184522597,553346156955790,8256630,553346163096206,553346163167717,553346163343706,553346166142665,553346169808862,27395,177656,553346169808862,553346166569279,553346188642717,553346166142665,
0,21261596,553346164620212,553346164620212,-388744560,553346168088967,553346169351258,553346169903446,553346170024071,553346192779227,553346167981675,8256641,553346171414748,553346171521675,553346171768915,553346175478706,553346178308289,45261,339583,553346178308289,553346176310894,553346196867404,553346175478706,
0,21261611,553346172869017,553346172869017,-782775519,553346173529435,553346175124592,553346175784592,553346175967248,553346201035868,553346173474852,8256239,553346177757352,553346177816154,553346178026362,553346181530685,553346185740529,21511,198907,553346185740529,553346182078914,553346205127039,553346181530685,
0,21261634,553346189418052,553346189418052,0,553346189898758,553346189904019,553346191081310,553346191223342,553346209292107,553346189845946,8258296,553346192976362,553346193024539,553346193177196,553346196788914,553346199341102,24219,300833,553346199341102,553346197440894,553346213369696,553346196788914,
0,21261642,553346197677797,553346197677797,0,553346198322977,553346198328810,553346199297977,553346199447092,553346217550403,553346198265060,8258431,553346201045008,553346201115373,553346201318550,553346204524331,553346207568029,26719,254375,553346207568029,553346205104800,553346221631727,553346204524331,
0,21261650,553346205929952,553346205929952,0,553346206631779,553346206638081,553346207731310,553346207939175,553346225808834,553346206571779,8258152,553346209959539,553346210027196,553346210167196,553346213710217,553346216083342,25104,242448,553346216083342,553346214268342,553346229966154,553346213710217,
0,21261658,553346214184115,553346214184115,0,553346215057039,553346215063029,553346218674227,553346218814331,553346234066986,553346214967821,8258022,553346220675008,553346220763758,553346220951519,553346225324539,553346227911675,28750,250885,553346227911675,553346225954071,553346246405321,553346225324539,
0,21261666,553346222432272,553346222432272,0,553346222928758,553346222933081,553346223862039,553346224045633,553346242325008,553346222884748,8257452,553346225602925,553346226092925,553346226338758,553346229596519,553346232088602,17604,269896,553346232088602,553346230238394,553346254665633,553346229596519,
0,21261673,553346230684193,553346230684193,0,553346237243810,553346237248706,553346237857508,553346237968602,553346250582460,553346237184175,8257175,553346239375685,553346239457404,553346239647612,553346245822769,553346250704435,28021,261459,553346250704435,553346246424279,553346262950946,553346245822769,
0,21261681,553346238941368,553346238941368,0,553346241893862,553346241899487,553346242995998,553346243207873,553346267122384,553346241836362,8257175,553346245199852,553346246565060,553346246749592,553346249893185,553346252533967,15834,585052,553346252533967,553346250841258,553346271229800,553346249893185,
0,21261689,553346247206779,553346247206779,0,553346247873914,553346247880164,553346248768394,553346248906675,553346275379559,553346247806310,8257467,553346250468810,553346250952664,553346251192873,553346254149487,553346256828498,24219,200104,553346256828498,553346254590321,553346279500477,553346254149487,
0,21261697,553346255458923,553346255458923,0,553346256249487,553346256254123,553346257951414,553346258100164,553346283637026,553346256197196,8257242,553346259195269,553346259260112,553346259461258,553346263832925,553346267648342,19792,183489,553346267648342,553346264404227,553346287717560,553346263832925,
0,21261705,553346263705196,553346263705196,0,553346264777612,553346264783862,553346268055112,553346268238133,553346291894268,553346264698081,8256463,553346268950112,553346269017925,553346269246727,553346272576258,553346276661519,32761,179583,553346276661519,553346273126623,553346296106779,553346272576258,
0,21261713,553346271968183,553346271968183,0,553346272556206,553346272561362,553346273488706,553346273633706,553346300150731,553346272504383,8256919,553346275427248,553346275497196,553346275710737,553346279175477,553346283408394,28646,212604,553346283408394,553346279755060,553346304274331,553346279175477,
0,21261721,553346280235968,553346280235968,0,553346280953185,553346280957925,553346281705425,553346281840946,553346308407650,553346280902300,8257624,553346283358810,553346283417248,553346283640685,553346287320737,553346289636258,20208,295677,553346289636258,553346287968706,553346312513810,553346287320737,
0,21261729,553346288499358,553346288499358,0,553346289174435,553346289180529,553346289930842,553346290123342,553346316665274,553346289115112,8257826,553346291738342,553346291798289,553346292045529,553346295591831,553346299371987,20364,335468,553346299371987,553346296501519,553346320751675,553346295591831,
0,21261737,553346296754539,553346296754539,0,553346297748862,553346297759487,553346299060685,553346299234175,553346324923100,553346297665008,8257655,553346301481362,553346301570529,553346301814019,553346306715529,553346312205894,26979,224688,553346312205894,553346307449800,553346329010164,553346306715529,
0,21261745,553346305037678,553346305037678,0,553346306008498,553346306017196,553346312347821,553346312591154,553346333180755,553346305921675,8258924,553346315546571,553346315703654,553346316096154,553346319605737,553346323425112,41875,399218,553346323425112,553346320433550,553346337374539,553346319605737,
0,21261753,553346313300579,553346313300579,0,553346317248133,553346317251831,553346318202456,553346318313394,553346341439679,553346317173914,8259176,553346319714696,553346320557873,553346320766102,553346323944852,553346327568237,15469,234843,553346327568237,553346324643550,553346345529696,553346323944852,
0,21261761,553346321566434,553346321566434,0,553346322312717,553346322318185,553346323382977,553346323706102,553346349698855,553346322243602,8259871,553346326038758,553346326109539,553346326316310,553346329233706,553346333308862,22032,186146,553346333308862,553346329777248,553346353770946,553346329233706,
0,21261769,553346329818077,553346329818077,0,553346330499123,553346330504487,553346332323133,553346332486623,553346357958726,553346330448967,8259407,553346334056154,553346334151727,553346334441727,553346339938342,553346344935789,30573,249844,553346344935789,553346340868862,553346362031258,553346339938342,
0,21261777,553346338069763,553346338069763,0,553346339094539,553346339100685,553346342706414,553346342830737,553346366218133,553346339027300,8258939,553346343643498,553346343728602,553346344055946,553346348212456,553346352905633,39063,221146,553346352905633,553346348979487,553346370536883,553346348212456,
0,21261785,553346346341615,553346346341615,0,553346347645737,553346347653967,553346349003446,553346349183602,553346374477072,553346347557717,8259436,553346351173758,553346351256883,553346351457925,553346356278446,553346361352821,756979,230052,553346361352821,553346356987821,553346378550217,553346356278446,
0,21261793,553346354602844,553346354602844,0,553346355331050,553346355337300,553346356227925,553346356386154,553346382736508,553346355246519,8259911,553346358097456,553346358154383,553346358405685,553346362167769,553346367705842,25000,229635,553346367705842,553346362745269,553346386776883,553346362167769,
0,21261801,553346362860253,553346362860253,0,553346363569227,553346363574696,553346364779123,553346364983862,553346390996419,553346363506571,8260140,553346366786987,553346366904175,553346367164592,553346375183081,553346377914435,34427,237708,553346377914435,553346375945060,553346395099383,553346375183081,
0,21261809,553346371113291,553346371113291,0,553346372194175,553346372200842,553346373071883,553346373220321,553346399256559,553346372101727,8259894,553346375831258,553346376144331,553346376393914,553346379028446,553346383855789,15677,195885,553346383855789,553346379533654,553346403298133,553346379028446,
0,21261817,553346379418883,553346379418883,0,553346380102769,553346380119956,553346381098237,553346381229175,553346407516453,553346379947144,8262457,553346382797300,553346382911831,553346383129071,553346385986414,553346391477560,26719,183646,553346391477560,553346386388758,553346411585269,553346385986414,
0,21261840,553346395897789,553346395897789,-978960828,553346397239956,553346398617508,553346399210737,553346399298029,553346415778910,553346397206623,8259783,553346400771258,553346400822977,553346400992716,553346404270112,553346409375060,39063,263698,553346409375060,553346404901935,553346419815685,553346404270112,
0,21261855,553346404147492,553346404147492,-494780984,553346404866571,553346406696206,553346407467196,553346407652664,553346424038693,553346404803446,8258994,553346409969175,553346410054696,553346410253394,553346421016154,553346423751883,36354,225208,553346423751883,553346421573862,553346436326623,553346421016154,
0,21261870,553346412395242,553346412395242,-508565228,553346416216310,553346417429175,553346417799956,553346417923758,553346432297687,553346416151831,8258557,553346419313550,553346421705216,553346421916623,553346424272300,553346426832664,14843,144427,553346426832664,553346424663654,553346444603081,553346424272300,
0,21261884,553346420638445,553346420638445,-167520670,553346424398237,553346425770269,553346427447769,553346427574852,553346440556244,553346424342352,8257387,553346430589123,553346430678966,553346430851519,553346433946466,553346438414019,25990,247292,553346438414019,553346434590998,553346452865425,553346433946466,
0,21261899,553346428895832,553346428895832,-584433159,553346431515269,553346432556987,553346432940269,553346433057352,553346448813631,553346431480946,8257387,553346434308758,553346434705060,553346434943185,553346438066831,553346442736102,17240,254896,553346442736102,553346438784227,553346461131154,553346438066831,
0,21261914,553346437130743,553346437130743,-376360289,553346440536883,553346441915269,553346445006362,553346445179435,553346457071018,553346440476727,8255829,553346446612196,553346446697821,553346446891779,553346450783394,553346455900841,31041,274166,553346455900841,553346451647456,553346469443289,553346450783394,
0,21261929,553346445369771,553346445369771,-457010018,553346449000060,553346450304175,553346450968237,553346451106623,553346465326847,553346448945894,8254655,553346452870321,553346453070581,553346453282039,553346457639539,553346462671050,23594,229583,553346462671050,553346458442769,553346477686727,553346457639539,
0,21261944,553346453618992,553346453618992,-974349773,553346454334175,553346456527352,553346457260112,553346457425425,553346473581502,553346454285060,8254189,553346459334123,553346459408185,553346459589852,553346462838810,553346468567821,21719,229427,553346468567821,553346463443810,553346485891623,553346462838810,
0,21261959,553346461872565,553346461872565,-451356693,553346462659331,553346464234644,553346464753341,553346464894331,553346481835691,553346462609123,8254052,553346466572664,553346466676935,553346466965373,553346470700946,553346476876883,24740,241980,553346476876883,553346471418341,553346494174539,553346470700946,
0,21261974,553346470122647,553346470122647,-1068513636,553346473403394,553346475307873,553346475964435,553346476196466,553346490089743,553346473332144,8253500,553346478623341,553346478792821,553346479095477,553346483512404,553346491051883,43542,272812,553346491051883,553346484470164,553346502465373,553346483512404,
0,21262004,553346486674006,553346486674006,-254553776,553346487261935,553346489415529,553346492325633,553346492524019,553346506549813,553346487196727,8256265,553346497381935,553346497493810,553346497724175,553346501749227,553346505655269,31198,328281,553346505655269,553346502865060,553346518945008,553346501749227,
0,21262019,553346494925541,553346494925541,-539396264,553346498570060,553346500218654,553346500758081,553346500900737,553346514806078,553346498520841,8255944,553346502670269,553346503001050,553346503215373,553346507166675,553346512241310,16719,281823,553346512241310,553346507973810,553346527211987,553346507166675,
0,21262033,553346503180743,553346503180743,-1003585640,553346509640321,553346510805946,553346511161154,553346511269956,553346523062022,553346509581519,8255721,553346512812508,553346512883758,553346513089904,553346519690373,553346525891414,32187,367917,553346525891414,553346520544696,553346535484019,553346519690373,
0,21262063,553346519699509,553346519699509,-744234242,553346521635112,553346523528289,553346527566310,553346527748237,553346539614572,553346521584800,8255925,553346529431310,553346529494227,553346529695998,553346533751675,553346537330060,31354,216198,553346537330060,553346534300112,553346551954383,553346533751675,
0,21262078,553346527970454,553346527970454,-1044762942,553346531482091,553346533133914,553346533610269,553346533702769,553346547870497,553346531430425,8257130,553346535027873,553346535091206,553346535268602,553346538416623,553346542020789,21823,164010,553346542020789,553346538854279,553346560196206,553346538416623,
0,21262092,553346536228871,553346536228871,-745401461,553346536883446,553346538537456,553346539188185,553346539403810,553346556127627,553346536828289,8257131,553346541563862,553346541640685,553346541804071,553346545228966,553346551992456,27500,163750,553346551992456,553346545715946,553346568470946,553346545228966,
0,21262107,553346544486002,553346544486002,-239129629,553346545130164,553346546808966,553346547488758,553346547637664,553346564384758,553346545067716,8257131,553346549911102,553346550026362,553346550271362,553346554484591,553346562564800,49323,246771,553346562564800,553346555185737,553346576752508,553346554484591,
0,21262122,553346552745028,553346552745028,-991615248,553346553772716,553346555681623,553346556420685,553346556600425,553346572641889,553346553698654,8257073,553346558950373,553346559085216,553346559258394,553346562465373,553346569999956,22291,218802,553346569999956,553346563118029,553346585045685,553346562465373,
0,21262137,553346560992266,553346560992266,-913758004,553346561752352,553346563664591,553346564307091,553346564490425,553346580898962,553346561682300,8256409,553346566720112,553346566810477,553346567013966,553346570782769,553346578710060,30938,217188,553346578710060,553346571525529,553346593247821,553346570782769,
0,21262152,553346569274345,553346569274345,-286948192,553346570001987,553346572115581,553346572789071,553346572966623,553346589155371,553346569938289,8258841,553346574881623,553346574968185,553346575222716,553346579282873,553346586700633,36354,216875,553346586700633,553346579964279,553346601564279,553346579282873,
0,21262167,553346577527500,553346577527500,-387773356,553346578359487,553346579918185,553346580577821,553346580726519,553346597414212,553346578295998,8258576,553346582572716,553346582661102,553346583018341,553346587312612,553346593760633,55104,217657,553346593760633,553346587990269,553346609843966,553346587312612,
0,21262182,553346585782148,553346585782148,-934073976,553346586994279,553346588739748,553346589413237,553346589582456,553346605672788,553346586890373,8258223,553346592090164,553346592171831,553346592352873,553346596916935,553346604703081,43229,208229,553346604703081,553346597550633,553346618038966,553346596916935,
0,21262197,553346594053824,553346594053824,-168101298,553346594970946,553346596602873,553346598954644,553346599140581,553346613931011,553346594823914,8259096,553346605882352,553346605995685,553346606244435,553346615920581,553346621096414,29166,198437,553346621096414,553346616523446,553346634555008,553346615920581,
0,21262212,553346602303504,553346602303504,-132364653,553346607251102,553346609242612,553346610104852,553346610484591,553346638756874,553346607202873,8258494,553346613134748,553346616714383,553346616921102,553346621019800,553346628185581,20729,250000,553346628185581,553346621612091,553346642794904,553346621019800,
0,21262241,553346618837452,553346618837452,-97525377,553346622709331,553346624598706,553346625434071,553346625571258,553346647015368,553346622658237,8259259,553346627904852,553346627983237,553346628314227,553346633690893,553346644702352,38177,342761,553346644702352,553346634439227,553346651114591,553346633690893,
0,21262256,553346627096711,553346635355970,-399627768,553346636896727,553346638317248,553346642035789,553346642265373,553346655274627,553346636494904,8259259,553346646325425,553346646401623,553346646590477,553346652152821,553346657681623,23073,275677,553346657681623,553346652932352,553346667608185,553346652152821,
0,21262279,553346643598509,553346643598509,-790603051,553346648429748,553346649514643,553346649910268,553346650025321,553346671800413,553346648383237,8258174,553346651293341,553346653071206,553346653279748,553346656774279,553346666521362,15208,667917,553346666521362,553346657839018,553346675877821,553346656774279,
0,21262301,553346660104305,553346660104305,0,553346663104018,553346663108185,553346663719696,553346663791466,553346680058587,553346663066571,8257547,553346665346779,553346665428133,553346665679956,553346672190268,553346678830893,32136,316406,553346678830893,553346672992612,553346692370164,553346672190268,
0,21262309,553346668368588,553346668368588,0,553346669072508,553346669078706,553346670371154,553346670618289,553346688316134,553346668996883,8257781,553346673310216,553346673395477,553346673649591,553346689160060,553346695220581,20416,184531,553346695220581,553346689661883,553346708969175,553346689160060,
0,21262316,553346676635105,553346684893508,0,553346690775216,553346690783081,553346694155685,553346694270946,553346713066378,553346690392248,8258403,553346696688602,553346696774227,553346696927248,553346702945946,553346711649018,24791,283542,553346711649018,553346703552612,553346717254227,553346702945946,
0,21262324,553346693161341,553346693161341,0,553346698568758,553346698573758,553346699316206,553346699398758,553346721324781,553346698506154,8259003,553346700882664,553346703683498,553346703830373,553346712632612,553346719749539,16563,255260,553346719749539,553346713241102,553346733654123,553346712632612,
0,21262332,553346701420344,553346701420344,0,553346704799383,553346704802768,553346707925425,553346708193654,553346729583784,553346704759643,8259003,553346709922196,553346713366675,553346713615893,553346720270737,553346728272039,18334,231250,553346728272039,553346720953029,553346741930998,553346720270737,
0,21262340,553346709672320,553346709672320,0,553346717004331,553346717009904,553346718620581,553346718777039,553346737842787,553346716890685,8258588,553346720416987,553346721095060,553346721376831,553346727380112,553346739652456,30209,655417,553346739652456,553346728411102,553346750331935,553346727380112,
0,21262347,553346717950963,553346717950963,0,553346722417612,553346722421466,553346723209748,553346723365789,553346754373338,553346722351310,8259555,553346725179852,553346728523498,553346728768029,553346735042196,553346749808966,487813,4380469,553346749808966,553346739850164,553346758463393,553346735042196,
0,21262355,553346726210518,553346726210518,0,553346730046831,553346730052196,553346731167248,553346731368550,553346762632893,553346729986831,8259555,553346734103289,553346740225685,553346740499331,553346746379591,553346760845373,28594,3209427,553346760845373,553346749990268,553346766712768,553346746379591,
0,21262363,553346734499909,553346742761031,0,553346749586362,553346749600946,553346756569175,553346756766518,553346770892448,553346749086675,8261122,553346759989956,553346760128237,553346760367456,553346765289539,553346770666727,31302,221667,553346770666727,553346765876102,553346783290633,553346765289539,
0,21262372,553346751001951,553346759262333,0,553346763112821,553346763117143,553346765652716,553346765772143,553346779153570,553346762793758,8260382,553346766968706,553346767023446,553346767188237,553346771440477,553346780350529,18541,194583,553346780350529,553346771959539,553346791525060,553346771440477,
0,21262380,553346767545296,553346767545296,0,553346768944331,553346768953185,553346769786935,553346769913810,553346795710145,553346768873133,8261509,553346771148341,553346772263289,553346772474383,553346784963133,553346794959279,20677,226770,553346794959279,553346785584435,553346799721102,553346784963133,
0,21262388,553346775806805,553346775806805,0,553346781253966,553346781259435,553346781878289,553346781998862,553346803971654,553346781191154,8261509,553346783525998,553346785750425,553346785984800,553346795445373,553346803355268,16562,357239,553346803355268,553346796614175,553346816316206,553346795445373,
0,21262396,553346784053809,553346784053809,0,553346789067768,553346789073758,553346795766675,553346795996518,553346812233163,553346788996623,8260734,553346798339591,553346798454071,553346798714331,553346803935581,553346812871779,32709,201198,553346812871779,553346804523446,553346824517560,553346803935581,
0,21262404,553346792316147,553346800576856,0,553346802087508,553346802099539,553346802959279,553346803069279,553346828763411,553346801568602,8260709,553346804709800,553346804782143,553346804983862,553346809022768,553346822143706,23958,3690677,553346822143706,553346813054956,553346832795893,553346809022768,
0,21262412,553346808835088,553346808835088,0,553346809578289,553346809584904,553346810808602,553346810951779,553346837024120,553346809513758,8260586,553346812518654,553346813195998,553346813501466,553346818471623,553346831389956,30729,3439115,553346831389956,553346822467352,553346841035477,553346818471623,
0,21262420,553346817083632,553346817083632,0,553346824796310,553346824802248,553346825548706,553346825685685,553346845284706,553346824729227,8260182,553346830107925,553346830190425,553346830412560,553346838109695,553346843983445,33958,193334,553346843983445,553346838655685,553346857550477,553346838109695,
0,21262428,553346825342654,553346825342654,0,553346833138914,553346833143654,553346833892508,553346834011570,553346853544888,553346833079695,8259987,553346835332612,553346838846987,553346839058654,553346844648341,553346851965164,12552,203178,553346851965164,553346845226154,553346865766831,553346844648341,
0,21262436,553346833595738,553346833595738,0,553346840436102,553346840442143,553346841361727,553346841549800,553346861804875,553346840350841,8259773,553346843814539,553346845349175,553346845547456,553346849956310,553346863381050,20833,1730208,553346863381050,553346852253185,553346874115998,553346849956310,
0,21262443,553346841857006,553346850117059,0,553346852000112,553346852068393,553346857168289,553346857358498,553346878301496,553346851547768,8260053,553346860251050,553346860345112,553346860646883,553346870151102,553346875870477,31979,300469,553346875870477,553346870775060,553345684915425,553346870151102,
0,21262452,553346858365380,553346858365380,0,553346862032508,553346862038445,553346866553706,553346866718706,553346886561549,553346861963029,8259438,553346868424383,553346870958550,553346871302508,553346877098237,553346884361050,15886,232969,553346884361050,553346877759904,553345701454071,553346877098237,
0,21262460,553346866612510,553346874871239,0,553346875511675,553346875517404,553346876356779,553346876450216,553346894820987,553346875158185,8258729,553346877861518,553346877976883,553346878161987,553346882260216,553346893278758,23959,1837187,553346893278758,553346884537977,553345709714956,553346882260216,
0,21262468,553346883104625,553346891361933,0,553346892396310,553346892402300,553346893142508,553346893294800,553346894771291,553346891995164,8257308,553346895319331,553346895428602,553346895651102,553346900182195,553345710318029,24375,208854,553345710318029,553346900711675,553345717938394,553346900182195,
---PROFILEDATA---


View hierarchy:

  com.paifa.ubikitouch/com.paifa.ubikitouch.app.MainActivity/android.view.ViewRootImpl@242e483
  10 views, 19.06 kB of render nodes

  /android.view.ViewRootImpl@8a82c79
  3 views, 4.34 kB of render nodes


Total ViewRootImpl   : 2
Total attached Views : 13
Total RenderNode     : 23.40 kB (used) / 67.04 kB (capacity)

