Applications Graphics Acceleration Info:
Uptime: 562650703 Realtime: 610175782

** Graphics info for pid 13529 [com.paifa.ubikitouch] **

Stats since: 562519636582551ns
Total frames rendered: 1223
Janky frames: 199 (16.27%)
Janky frames (legacy): 1164 (95.18%)
50th percentile: 19ms
90th percentile: 29ms
95th percentile: 32ms
99th percentile: 69ms
Number Missed Vsync: 18
Number High input latency: 2011
Number Slow UI thread: 187
Number Slow bitmap uploads: 0
Number Slow issue draw commands: 196
Number Frame deadline missed: 199
Number Frame deadline missed (legacy): 235
HISTOGRAM: 5ms=0 6ms=0 7ms=1 8ms=0 9ms=23 10ms=13 11ms=20 12ms=51 13ms=53 14ms=85 15ms=71 16ms=107 17ms=127 18ms=41 19ms=39 20ms=40 21ms=54 22ms=58 23ms=57 24ms=63 25ms=54 26ms=56 27ms=35 28ms=32 29ms=26 30ms=21 31ms=19 32ms=20 34ms=11 36ms=6 38ms=6 40ms=5 42ms=4 44ms=2 46ms=2 48ms=3 53ms=1 57ms=1 61ms=3 65ms=0 69ms=3 73ms=4 77ms=3 81ms=0 85ms=0 89ms=0 93ms=1 97ms=2 101ms=0 105ms=0 109ms=0 113ms=0 117ms=0 121ms=0 125ms=0 129ms=0 133ms=0 150ms=0 200ms=0 250ms=0 300ms=0 350ms=0 400ms=0 450ms=0 500ms=0 550ms=0 600ms=0 650ms=0 700ms=0 750ms=0 800ms=0 850ms=0 900ms=0 950ms=0 1000ms=0 1050ms=0 1100ms=0 1150ms=0 1200ms=0 1250ms=0 1300ms=0 1350ms=0 1400ms=0 1450ms=0 1500ms=0 1550ms=0 1600ms=0 1650ms=0 1700ms=0 1750ms=0 1800ms=0 1850ms=0 1900ms=0 1950ms=0 2000ms=0 2050ms=0 2100ms=0 2150ms=0 2200ms=0 2250ms=0 2300ms=0 2350ms=0 2400ms=0 2450ms=0 2500ms=0 2550ms=0 2600ms=0 2650ms=0 2700ms=0 2750ms=0 2800ms=0 2850ms=0 2900ms=0 2950ms=0 3000ms=0 3050ms=0 3100ms=0 3150ms=0 3200ms=0 3250ms=0 3300ms=0 3350ms=0 3400ms=0 3450ms=0 3500ms=0 3550ms=0 3600ms=0 3650ms=0 3700ms=0 3750ms=0 3800ms=0 3850ms=0 3900ms=0 3950ms=0 4000ms=0 4050ms=0 4100ms=0 4150ms=0 4200ms=0 4250ms=0 4300ms=0 4350ms=0 4400ms=0 4450ms=0 4500ms=0 4550ms=0 4600ms=0 4650ms=0 4700ms=0 4750ms=0 4800ms=0 4850ms=0 4900ms=0 4950ms=0
50th gpu percentile: 7ms
90th gpu percentile: 12ms
95th gpu percentile: 14ms
99th gpu percentile: 18ms
GPU HISTOGRAM: 1ms=0 2ms=0 3ms=68 4ms=77 5ms=207 6ms=221 7ms=169 8ms=159 9ms=67 10ms=58 11ms=55 12ms=44 13ms=36 14ms=16 15ms=17 16ms=9 17ms=4 18ms=4 19ms=2 20ms=3 21ms=1 22ms=1 23ms=2 24ms=2 25ms=0 4950ms=1

Pipeline=Skia (OpenGL)
Memory policy:
  Max surface area: 2592000
  Max resource usage: 373.25MB (x144)
  Background retention: 50% (altUiHidden = true)
  GPU Context timeout: 10
Contexts: 2 (stopped = 0)
CPU Caches:
  Glyph Cache: 1.37 MB (1 entry)
  Shadows: 16.11 KB (13 entries)
  Glyph Count: 179 
Total CPU memory usage:
  1450203 bytes, 1.38 MB (0.00 bytes is purgeable)
GPU Caches:
  SW Path Mask:
    Texture: 1.47 MB (4 entries)
  Other:
    Other: 70.16 KB (1 entry)
    Buffer Object: 2.49 KB (4 entries)
    StencilAttachment: 8.00 MB (1 entry)
  Image:
    Texture: 406.33 KB (55 entries)
  Scratch:
    RenderTarget: 326.12 MB (354 entries)
    Buffer Object: 78.00 KB (2 entries)
    Texture: 8.28 MB (21 entries)
Total GPU memory usage:
  361152128 bytes, 344.42 MB (6.01 MB is purgeable)

Profile data in ms:

	com.paifa.ubikitouch/com.paifa.ubikitouch.app.MainActivity/android.view.ViewRootImpl@416ec7e (visibility=0)
Window: com.paifa.ubikitouch/com.paifa.ubikitouch.app.MainActivity
Stats since: 562519636246821ns
Total frames rendered: 0
Janky frames: 0 (0.00%)
Janky frames (legacy): 0 (0.00%)
50th percentile: 4950ms
90th percentile: 4950ms
95th percentile: 4950ms
99th percentile: 4950ms
Number Missed Vsync: 0
Number High input latency: 0
Number Slow UI thread: 0
Number Slow bitmap uploads: 0
Number Slow issue draw commands: 0
Number Frame deadline missed: 0
Number Frame deadline missed (legacy): 0
HISTOGRAM: 5ms=0 6ms=0 7ms=0 8ms=0 9ms=0 10ms=0 11ms=0 12ms=0 13ms=0 14ms=0 15ms=0 16ms=0 17ms=0 18ms=0 19ms=0 20ms=0 21ms=0 22ms=0 23ms=0 24ms=0 25ms=0 26ms=0 27ms=0 28ms=0 29ms=0 30ms=0 31ms=0 32ms=0 34ms=0 36ms=0 38ms=0 40ms=0 42ms=0 44ms=0 46ms=0 48ms=0 53ms=0 57ms=0 61ms=0 65ms=0 69ms=0 73ms=0 77ms=0 81ms=0 85ms=0 89ms=0 93ms=0 97ms=0 101ms=0 105ms=0 109ms=0 113ms=0 117ms=0 121ms=0 125ms=0 129ms=0 133ms=0 150ms=0 200ms=0 250ms=0 300ms=0 350ms=0 400ms=0 450ms=0 500ms=0 550ms=0 600ms=0 650ms=0 700ms=0 750ms=0 800ms=0 850ms=0 900ms=0 950ms=0 1000ms=0 1050ms=0 1100ms=0 1150ms=0 1200ms=0 1250ms=0 1300ms=0 1350ms=0 1400ms=0 1450ms=0 1500ms=0 1550ms=0 1600ms=0 1650ms=0 1700ms=0 1750ms=0 1800ms=0 1850ms=0 1900ms=0 1950ms=0 2000ms=0 2050ms=0 2100ms=0 2150ms=0 2200ms=0 2250ms=0 2300ms=0 2350ms=0 2400ms=0 2450ms=0 2500ms=0 2550ms=0 2600ms=0 2650ms=0 2700ms=0 2750ms=0 2800ms=0 2850ms=0 2900ms=0 2950ms=0 3000ms=0 3050ms=0 3100ms=0 3150ms=0 3200ms=0 3250ms=0 3300ms=0 3350ms=0 3400ms=0 3450ms=0 3500ms=0 3550ms=0 3600ms=0 3650ms=0 3700ms=0 3750ms=0 3800ms=0 3850ms=0 3900ms=0 3950ms=0 4000ms=0 4050ms=0 4100ms=0 4150ms=0 4200ms=0 4250ms=0 4300ms=0 4350ms=0 4400ms=0 4450ms=0 4500ms=0 4550ms=0 4600ms=0 4650ms=0 4700ms=0 4750ms=0 4800ms=0 4850ms=0 4900ms=0 4950ms=0
50th gpu percentile: 4950ms
90th gpu percentile: 4950ms
95th gpu percentile: 4950ms
99th gpu percentile: 4950ms
GPU HISTOGRAM: 1ms=0 2ms=0 3ms=0 4ms=0 5ms=0 6ms=0 7ms=0 8ms=0 9ms=0 10ms=0 11ms=0 12ms=0 13ms=0 14ms=0 15ms=0 16ms=0 17ms=0 18ms=0 19ms=0 20ms=0 21ms=0 22ms=0 23ms=0 24ms=0 25ms=0 4950ms=0



---PROFILEDATA---
Flags,FrameTimelineVsyncId,IntendedVsync,Vsync,InputEventId,HandleInputStart,AnimationStart,PerformTraversalsStart,DrawStart,FrameDeadline,FrameInterval,FrameStartTime,SyncQueued,SyncStart,IssueDrawCommandsStart,SwapBuffers,FrameCompleted,DequeueBufferDuration,QueueBufferDuration,GpuCompleted,SwapBuffersCompleted,DisplayPresentTime,CommandSubmissionCompleted,
---PROFILEDATA---


	/android.view.ViewRootImpl@6c7dce7 (visibility=0)
Window: 
Stats since: 562519636582446ns
Total frames rendered: 1223
Janky frames: 199 (16.27%)
Janky frames (legacy): 1164 (95.18%)
50th percentile: 19ms
90th percentile: 29ms
95th percentile: 32ms
99th percentile: 69ms
Number Missed Vsync: 18
Number High input latency: 2011
Number Slow UI thread: 187
Number Slow bitmap uploads: 0
Number Slow issue draw commands: 196
Number Frame deadline missed: 199
Number Frame deadline missed (legacy): 235
HISTOGRAM: 5ms=0 6ms=0 7ms=1 8ms=0 9ms=23 10ms=13 11ms=20 12ms=51 13ms=53 14ms=85 15ms=71 16ms=107 17ms=127 18ms=41 19ms=39 20ms=40 21ms=54 22ms=58 23ms=57 24ms=63 25ms=54 26ms=56 27ms=35 28ms=32 29ms=26 30ms=21 31ms=19 32ms=20 34ms=11 36ms=6 38ms=6 40ms=5 42ms=4 44ms=2 46ms=2 48ms=3 53ms=1 57ms=1 61ms=3 65ms=0 69ms=3 73ms=4 77ms=3 81ms=0 85ms=0 89ms=0 93ms=1 97ms=2 101ms=0 105ms=0 109ms=0 113ms=0 117ms=0 121ms=0 125ms=0 129ms=0 133ms=0 150ms=0 200ms=0 250ms=0 300ms=0 350ms=0 400ms=0 450ms=0 500ms=0 550ms=0 600ms=0 650ms=0 700ms=0 750ms=0 800ms=0 850ms=0 900ms=0 950ms=0 1000ms=0 1050ms=0 1100ms=0 1150ms=0 1200ms=0 1250ms=0 1300ms=0 1350ms=0 1400ms=0 1450ms=0 1500ms=0 1550ms=0 1600ms=0 1650ms=0 1700ms=0 1750ms=0 1800ms=0 1850ms=0 1900ms=0 1950ms=0 2000ms=0 2050ms=0 2100ms=0 2150ms=0 2200ms=0 2250ms=0 2300ms=0 2350ms=0 2400ms=0 2450ms=0 2500ms=0 2550ms=0 2600ms=0 2650ms=0 2700ms=0 2750ms=0 2800ms=0 2850ms=0 2900ms=0 2950ms=0 3000ms=0 3050ms=0 3100ms=0 3150ms=0 3200ms=0 3250ms=0 3300ms=0 3350ms=0 3400ms=0 3450ms=0 3500ms=0 3550ms=0 3600ms=0 3650ms=0 3700ms=0 3750ms=0 3800ms=0 3850ms=0 3900ms=0 3950ms=0 4000ms=0 4050ms=0 4100ms=0 4150ms=0 4200ms=0 4250ms=0 4300ms=0 4350ms=0 4400ms=0 4450ms=0 4500ms=0 4550ms=0 4600ms=0 4650ms=0 4700ms=0 4750ms=0 4800ms=0 4850ms=0 4900ms=0 4950ms=0
50th gpu percentile: 7ms
90th gpu percentile: 12ms
95th gpu percentile: 14ms
99th gpu percentile: 18ms
GPU HISTOGRAM: 1ms=0 2ms=0 3ms=68 4ms=77 5ms=207 6ms=221 7ms=169 8ms=159 9ms=67 10ms=58 11ms=55 12ms=44 13ms=36 14ms=16 15ms=17 16ms=9 17ms=4 18ms=4 19ms=2 20ms=3 21ms=1 22ms=1 23ms=2 24ms=2 25ms=0 4950ms=1



---PROFILEDATA---
Flags,FrameTimelineVsyncId,IntendedVsync,Vsync,InputEventId,HandleInputStart,AnimationStart,PerformTraversalsStart,DrawStart,FrameDeadline,FrameInterval,FrameStartTime,SyncQueued,SyncStart,IssueDrawCommandsStart,SwapBuffers,FrameCompleted,DequeueBufferDuration,QueueBufferDuration,GpuCompleted,SwapBuffersCompleted,DisplayPresentTime,CommandSubmissionCompleted,
0,21781453,562581791432475,562581791432475,-845915318,562581793717266,562581794923308,562581799193204,562581799347943,562581803099141,562581793672683,8257695,562581802139506,562581802254298,562581802487943,562581805824923,562581808388621,33542,233333,562581808388621,562581806490860,562581823642214,562581805824923,
0,21781468,562581799701056,562581799701056,-237090775,562581804087371,562581804902631,562581805497527,562581805637423,562581827872226,562581803962943,8258322,562581806960912,562581807019246,562581807169193,562581809840287,562581812744454,16771,177917,562581812744454,562581810366902,562581831919454,562581809840287,
0,21781482,562581807951375,562581807951375,-679578328,562581808630964,562581809782527,562581811164402,562581811324246,562581836130548,562581808565443,8257868,562581813001850,562581813072214,562581813284193,562581816859871,562581822594246,27552,237031,562581822594246,562581817447943,562581840204662,562581816859871,
0,21781497,562581816209243,562581816209243,-534060290,562581817052162,562581819085496,562581820178516,562581820401589,562581844388416,562581816982162,8257868,562581822167787,562581822273829,562581822533673,562581829221850,562581833389246,28646,211303,562581833389246,562581829717110,562581848423308,562581829221850,
0,21781512,562581824451195,562581824451195,-914981348,562581825610287,562581827623621,562581828895391,562581829146850,562581852646284,562581825534350,8256924,562581831271433,562581831371329,562581831541329,562581834385079,562581840314402,18594,162865,562581840314402,562581834894558,562581856682527,562581834385079,
0,21781527,562581832696778,562581832696778,-171541418,562581833633204,562581835078152,562581838686225,562581838875027,562581860903208,562581833574818,8256258,562581840616381,562581840801173,562581841083256,562581845793516,562581850533048,41459,296302,562581850533048,562581846543777,562581864937214,562581845793516,
0,21781542,562581840945954,562581840945954,-96802833,562581842887162,562581844689923,562581845551068,562581845702631,562581869159466,562581842792475,8255701,562581847241329,562581847340287,562581847554037,562581850855287,562581855847787,19688,232448,562581855847787,562581851456173,562581873224454,562581850855287,
0,21781557,562581849209690,562581849209690,-603930159,562581850063829,562581851904141,562581852668621,562581852818673,562581877415167,562581849996485,8256199,562581854447735,562581854521433,562581854759141,562581858968881,562581866750496,33802,348021,562581866750496,562581859834975,562581881415808,562581858968881,
0,21781572,562581857455841,562581857455841,-128489349,562581858481121,562581860120287,562581861081433,562581861256068,562581885671366,562581858374610,8255441,562581863257162,562581863350287,562581863554506,562581867881798,562581874959350,30781,249948,562581874959350,562581868574871,562581889712006,562581867881798,
0,21781587,562581865701165,562581865701165,-1058991730,562581867121589,562581868100339,562581868812683,562581868939141,562581893926807,562581867036016,8254575,562581870626329,562581870737579,562581870994714,562581875399402,562581882804454,31875,455990,562581882804454,562581876498204,562581897924402,562581875399402,
0,21781602,562581873944342,562581873944342,-366099493,562581874721954,562581876679246,562581877464818,562581877662058,562581902181382,562581874656016,8253527,562581879672631,562581879792735,562581880060756,562581884037839,562581889926068,36458,212656,562581889926068,562581884671537,562581906226537,562581884037839,
0,21781617,562581882200408,562581882200408,-138635604,562581882991798,562581884261381,562581885066068,562581885227839,562581910434909,562581882919558,8253408,562581887076016,562581887173568,562581887450443,562581893392579,562581900642527,878334,327604,562581900642527,562581894252110,562581914490131,562581893392579,
0,21781632,562581890435773,562581890435773,-834062019,562581891803777,562581893884141,562581895146589,562581895371693,562581918688317,562581891722683,8251946,562581898009766,562581898141016,562581898326225,562581901664766,562581907960912,28594,329896,562581907960912,562581902396329,562581922744402,562581901664766,
0,21781647,562581898732862,562581898732862,-484905651,562581899191433,562581900704871,562581901797683,562581901967162,562581926940263,562581899139558,8255858,562581904062266,562581904157839,562581904465496,562581908691485,562581916231641,40990,195208,562581916231641,562581909291329,562581931013673,562581908691485,
0,21781662,562581906975506,562581906975506,-469407095,562581907756798,562581909181798,562581917727006,562581917931798,562581935196121,562581907689923,8254981,562581921507683,562581921608256,562581921816693,562581931407318,562581936425339,34219,214739,562581936425339,562581931913777,562581947560027,562581931407318,
0,21781677,562581915235211,562581923490498,-344457374,562581924207996,562581925750860,562581926709454,562581926918152,562581951662096,562581923710860,8255287,562581929777891,562581932141693,562581932319089,562581935900079,562581946702266,14583,266979,562581946702266,562581936490652,562581955753204,562581935900079,
0,21781699,562581931752413,562581931752413,-920301915,562581933012058,562581934356641,562581935294923,562581935464610,562581959917383,562581932966902,8255571,562581937639037,562581937717318,562581937875339,562581943736121,562581955693308,17448,2315208,562581955693308,562581946931173,562581964190652,562581943736121,
0,21781714,562581940007984,562581940007984,-344760867,562581941465443,562581943882214,562581945470287,562581945755756,562581968172954,562581941342371,8255571,562581948592891,562581948697995,562581948933464,562581954365912,562581966431798,28854,1116302,562581966431798,562581956165079,562581972248777,562581954365912,
0,21781729,562581948269288,562581948269288,-181095127,562581949722423,562581951064141,562581958092110,562581958370287,562581976428525,562581949683829,8255843,562581961985964,562581962060912,562581962308204,562581967274870,562581976491485,24115,256667,562581976491485,562581967837162,562581980566745,562581967274870,
0,21781744,562581956538010,562581956538010,-574014235,562581963907110,562581965291120,562581966097787,562581966218360,562581992959326,562581963853516,8256480,562581967568204,562581967952631,562581968197943,562581972650912,562581985766068,16823,3597031,562581985766068,562581976768881,562581988752891,562581972650912,
0,21781767,562581973089045,562581973089045,-279634715,562581973905808,562581975143308,562581975885704,562581976044245,562582001215806,562581973831120,8258605,562581977663516,562581977839298,562581978042162,562581982338360,562581993663568,22865,3235104,562581993663568,562581985939766,562581997055860,562581982338360,
0,21781782,562581981345159,562581981345159,-1073067546,562581982061902,562581983321068,562581983917006,562581984044454,562582009474411,562581981999298,8258932,562581985267423,562581986023204,562581986200652,562581989835860,562582002042266,16042,3689635,562582002042266,562581993894714,562582005313985,562581989835860,
0,21781797,562581989607196,562581989607196,-729679684,562581990328933,562581991800339,562581998404402,562581998620495,562582017733343,562581990265287,8259227,562582002803516,562582002910027,562582003133204,562582007787423,562582012305600,30730,232031,562582012305600,562582008381433,562582021808204,562582007787423,
0,21781812,562581997847556,562581997847556,-109682272,562582004890287,562582005914870,562582007779610,562582007894454,562582025992570,562582004841485,8258162,562582009084089,562582009135756,562582009290964,562582016944089,562582023611173,16146,225833,562582023611173,562582017502527,562582030047006,562582016944089,
0,21781841,562582014357962,562582014357962,-521628805,562582015115183,562582016637370,562582017460443,562582017619245,562582034250732,562582015047787,8257797,562582019216902,562582019281745,562582019551381,562582029157214,562582034207058,55052,225885,562582034207058,562582029719089,562582046568100,562582029157214,
0,21781856,562582022613636,562582022613636,-998274446,562582024339141,562582025657735,562582026406641,562582026547475,562582042508529,562582024272839,8257720,562582027891485,562582029833725,562582030097995,562582033977110,562582040190652,14219,218698,562582040190652,562582034535183,562582054900495,562582033977110,
0,21781870,562582030868401,562582030868401,-216294465,562582031472266,562582033395131,562582043402162,562582043589193,562582050766249,562582031419402,8257744,562582045717423,562582045839870,562582046060131,562582050837214,562582055886798,31354,349271,562582055886798,562582051670495,562582071334923,562582050837214,
0,21781885,562582039126145,562582047383889,-608219060,562582047777631,562582048907110,562582049680287,562582049826589,562582075566043,562582047508360,8257744,562582051520548,562582051802214,562582052091120,562582056654037,562582061427787,20781,176041,562582061427787,562582057329402,562582079570339,562582056654037,
0,21781908,562582063875403,562582063875403,0,562582064447631,562582064451954,562582065262475,562582065376693,562582083823787,562582064401068,8256579,562582066945443,562582067003360,562582067157058,562582071562475,562582077856329,27396,360938,562582077856329,562582072269923,562582087877787,562582071562475,
0,21781916,562582072144060,562582072144060,0,562582073230027,562582073236277,562582076157370,562582076350600,562582092080366,562582073151798,8257120,562582077971329,562582078087110,562582078257995,562582081740027,562582089395860,19740,254740,562582089395860,562582082245027,562582096088568,562582081740027,
0,21781924,562582080394520,562582080394520,0,562582081013204,562582081017839,562582081958308,562582082089037,562582100337486,562582080958256,8256898,562582084231850,562582084307110,562582084563985,562582090018725,562582097464975,24532,166198,562582097464975,562582090484350,562582104466850,562582090018725,
0,21781932,562582088631507,562582088631507,0,562582089644193,562582089650756,562582100281745,562582100446433,562582108594384,562582089570079,8255703,562582102454350,562582102543360,562582102711537,562582107474402,562582112330443,27657,543021,562582112330443,562582108387787,562582129131902,562582107474402,
0,21781940,562582096888240,562582096888240,0,562582104665495,562582104669610,562582105440548,562582105538412,562582125065282,562582104607579,8255677,562582106689298,562582108510131,562582108744610,562582113096016,562582117948516,19479,194479,562582117948516,562582113620548,562582137392058,562582113096016,
0,21781947,562582105127791,562582105127791,0,562582109839558,562582109844558,562582110795495,562582110976537,562582133320959,562582109772579,8254568,562582112923308,562582113733829,562582113938568,562582119264298,562582127000443,18750,190052,562582127000443,562582119752527,562582145728673,562582119264298,
0,21781954,562582113382359,562582113382359,0,562582114966589,562582114971225,562582115779245,562582115955704,562582141575527,562582114911433,8254568,562582117931745,562582119945548,562582120249662,562582129612110,562582136302943,4479688,217500,562582136302943,562582130189870,562582154010287,562582129612110,
0,21781962,562582121636927,562582121636927,0,562582122241798,562582122246745,562582123331850,562582123508100,562582149830095,562582122180704,8254568,562582125456589,562582130380339,562582130601798,562582137939141,562582144511329,2105156,413073,562582144511329,562582138647943,562582162159141,562582137939141,
0,21781970,562582129912583,562582129912583,0,562582131870235,562582131874870,562582142416485,562582142549141,562582158084663,562582131811798,8255395,562582145369818,562582145471537,562582145683256,562582152093777,562582159787266,27396,222448,562582159787266,562582152622735,562582170427422,562582152093777,
0,21781978,562582138161670,562582146416696,0,562582147745704,562582147750027,562582150067787,562582150168829,562582174600829,562582147480756,8255026,562582151316329,562582152752579,562582152974610,562582159292839,562582167543568,12864,256823,562582167543568,562582159990495,562582178689558,562582159292839,
0,21781987,562582154684520,562582154684520,0,562582156364506,562582156369141,562582157506902,562582157627943,562582182855855,562582156314141,8255489,562582159084141,562582160202943,562582160431381,562582164649350,562582175458933,14114,2626406,562582175458933,562582167724402,562582186925756,562582164649350,
0,21781995,562582162964776,562582162964776,0,562582163817943,562582163823620,562582165102943,562582165306016,562582191111344,562582163733568,8256803,562582167406902,562582167870027,562582168186277,562582173222631,562582181660443,21719,2073021,562582181660443,562582175750391,562582195194245,562582173222631,
0,21782003,562582171211184,562582171211184,0,562582172263412,562582172270079,562582173530079,562582173711693,562582199368147,562582172192006,8256205,562582175790183,562582175890235,562582176181693,562582184248204,562582192153620,25260,191666,562582192153620,562582184852162,562582203418985,562582184248204,
0,21782011,562582179483694,562582179483694,0,562582180425131,562582180430652,562582181367266,562582181515131,562582207624352,562582180347839,8257755,562582183551277,562582184982527,562582185260756,562582189865391,562582200283412,14219,2071198,562582200283412,562582192285860,562582211672527,562582189865391,
0,21782019,562582187734810,562582187734810,0,562582188593256,562582188602787,562582189584922,562582189758829,562582215882107,562582188520131,8257342,562582191635704,562582192404350,562582192560391,562582198290027,562582205910704,19114,1789427,562582205910704,562582200518464,562582219942839,562582198290027,
0,21782027,562582195989569,562582195989569,0,562582196871068,562582196877422,562582198193881,562582198383464,562582224139449,562582196770287,8257416,562582200712995,562582200808516,562582201062214,562582207290131,562582213346277,29271,201875,562582213346277,562582207947422,562582228225704,562582207290131,
0,21782035,562582204238253,562582204238253,0,562582205051537,562582205057787,562582218723047,562582218857214,562582232396865,562582204969089,8256822,562582221603516,562582221702058,562582221898516,562582227466277,562582232398152,25729,255729,562582232398152,562582228299037,562582244702266,562582227466277,
0,21782043,562582212486389,562582220742822,0,562582224218360,562582224223100,562582225090808,562582225252995,562582248932207,562582223884245,8256433,562582226562318,562582228439922,562582228756277,562582233140808,562582238824662,22083,178385,562582238824662,562582233598152,562582252979037,562582233140808,
0,21782051,562582228983980,562582228983980,0,562582229906641,562582229911381,562582230867370,562582231072214,562582257188640,562582229849870,8255628,562582233199870,562582233702995,562582233874245,562582238471902,562582245563672,18385,267604,562582245563672,562582239171537,562582261238464,562582238471902,
0,21782059,562582237239608,562582237239608,0,562582237978933,562582237988100,562582239328985,562582239551537,562582265444268,562582237895860,8255628,562582241738568,562582241805183,562582242001120,562582247388933,562582254075079,22708,234167,562582254075079,562582248052631,562582269520131,562582247388933,
0,21782067,562582245490838,562582245490838,0,562582246278516,562582246284402,562582247274766,562582247498725,562582273699896,562582246216329,8255198,562582249837839,562582249906954,562582250067006,562582257290652,562582262957839,22500,239271,562582262957839,562582257923412,562582277760912,562582257290652,
0,21782075,562582253735137,562582253735137,0,562582254582318,562582254589402,562582255642735,562582255840443,562582281955094,562582254512527,8254445,562582258159818,562582258231068,562582258441745,562582263714297,562582270601068,18020,214792,562582270601068,562582264245600,562582285990027,562582263714297,
0,21782083,562582261997473,562582261997473,0,562582262713829,562582262720495,562582263852995,562582264061641,562582290209539,562582262643464,8255069,562582266104141,562582266172162,562582266374975,562582271290912,562582277435652,20729,223958,562582277435652,562582271883620,562582294335339,562582271290912,
0,21782091,562582270249079,562582270249079,0,562582270960756,562582270965131,562582271764402,562582271970600,562582298464608,562582270907735,8254709,562582273809975,562582273905027,562582274207891,562582279838464,562582287117266,23125,216979,562582287117266,562582280496433,562582302576954,562582279838464,
0,21782099,562582278502756,562582278502756,0,562582279419141,562582279425495,562582281636277,562582281813516,562582306719317,562582279352943,8254325,562582284147683,562582284246693,562582284453100,562582290034454,562582295749245,21927,172344,562582295749245,562582290563933,562582310825339,562582290034454,
0,21782107,562582286759876,562582286759876,0,562582287542527,562582287548568,562582288332683,562582288464922,562582314973642,562582287473308,8254402,562582290086797,562582290697370,562582290970443,562582297200339,562582303689402,22239,206562,562582303689402,562582297827214,562582319043568,562582297200339,
0,21782115,562582295002589,562582295002589,0,562582295814089,562582295821797,562582296883256,562582297086381,562582323228044,562582295719558,8253409,562582299271537,562582299343100,562582299547943,562582304649506,562582311501641,24844,173020,562582311501641,562582305112995,562582327335704,562582304649506,
0,21782123,562582303288212,562582303288212,0,562582303983256,562582303988672,562582304900131,562582305058256,562582331481453,562582303921745,8255544,562582306944818,562582307014402,562582307240600,562582314686537,562582320506537,25052,243698,562582320506537,562582315355027,562582335549454,562582314686537,
0,21782131,562582311553314,562582311553314,0,562582312337318,562582312342006,562582315272995,562582315473881,562582339736997,562582312283100,8255943,562582316987214,562582317065704,562582317312214,562582324198933,562582329705183,21823,224114,562582329705183,562582324781954,562582343806329,562582324198933,
0,21782139,562582319815777,562582319815777,0,562582320496745,562582320501329,562582334925704,562582335067527,562582347992940,562582320441485,8256199,562582337665079,562582337757162,562582337955704,562582343984766,562582348935131,24948,203854,562582348935131,562582344598516,562582360365339,562582343984766,
0,21782147,562582328080388,562582336337421,0,562582340251589,562582340257318,562582341064037,562582341167266,562582364507239,562582339949975,8257033,562582342416537,562582344713516,562582344964350,562582350493464,562582357454454,15937,166094,562582357454454,562582350917579,562582368585964,562582350493464,
0,21782155,562582344611474,562582344611474,0,562582346099037,562582346104870,562582347175964,562582347309506,562582372764272,562582346037422,8258544,562582349056537,562582351062839,562582351307162,562582356705495,562582362996068,15000,491354,562582362996068,562582357608100,562582376836850,562582356705495,
0,21782163,562582352870018,562582352870018,0,562582353510391,562582353517527,562582354691745,562582354864714,562582381022816,562582353440912,8258544,562582356992943,562582357742370,562582357992995,562582363299141,562582370090547,19427,188281,562582370090547,562582363833516,562582385069610,562582363299141,
0,21782171,562582361124922,562582361124922,0,562582362034870,562582362043152,562582363258620,562582363460079,562582389281360,562582361959454,8258469,562582365842110,562582365937527,562582366153412,562582372774193,562582378679610,27761,200104,562582378679610,562582373416641,562582393417527,562582372774193,
0,21782179,562582369391758,562582369391758,0,562582370537475,562582370543308,562582371651225,562582371834245,562582397539829,562582370468933,8259072,562582374159297,562582374239037,562582374426902,562582379581589,562582386364610,18437,193281,562582386364610,562582380330443,562582401611797,562582379581589,
0,21782187,562582377645463,562582377645463,0,562582378475079,562582378482006,562582379590287,562582379752683,562582405798901,562582378403360,8258840,562582381847579,562582381927214,562582382124037,562582386909141,562582394209662,23958,179844,562582394209662,562582387420235,562582409878620,562582386909141,
0,21782195,562582385899643,562582385899643,0,562582386664193,562582386670287,562582387708777,562582387873881,562582414057741,562582386598412,8258698,562582390056277,562582390134193,562582390316433,562582395598360,562582403063152,20938,272240,562582403063152,562582396229766,562582418107006,562582395598360,
0,21782203,562582394143155,562582394143155,0,562582394885704,562582394892370,562582395836485,562582396129297,562582422316439,562582394809766,8257788,562582398605287,562582398704662,562582398905027,562582404548047,562582411201277,22187,194271,562582411201277,562582405126589,562582426401068,562582404548047,
0,21782211,562582402408142,562582402408142,0,562582403100443,562582403108724,562582404299662,562582404482110,562582430574227,562582402993360,8258033,562582406709349,562582406810547,562582407039089,562582413539349,562582419333516,19166,174479,562582419333516,562582414213256,562582434613464,562582413539349,
0,21782219,562582410658448,562582410658448,0,562582411500339,562582411506485,562582412880964,562582413105808,562582438832260,562582411435443,8257518,562582415615027,562582415703985,562582415930235,562582421792110,562582428199349,24791,175104,562582428199349,562582422372839,562582442897422,562582421792110,
0,21782227,562582418915130,562582418915130,0,562582419784349,562582419790235,562582420818412,562582420975495,562582447089778,562582419719922,8257503,562582423203568,562582423273516,562582423492735,562582431611537,562582437212631,21302,248021,562582437212631,562582432198412,562582451197474,562582431611537,
0,21782235,562582427159280,562582427159280,0,562582428212787,562582428221485,562582429153620,562582429309454,562582455347281,562582427962995,8256566,562582431012110,562582432333047,562582432621537,562582440589141,562582448143099,18125,188333,562582448143099,562582441097474,562582459533047,562582440589141,
0,21782243,562582435415137,562582435415137,0,562582436346797,562582436352527,562582437373881,562582437621277,562582463603847,562582436278985,8256394,562582439096693,562582441234297,562582441553464,562582446527995,562582453511120,17552,1454844,562582453511120,562582448373412,562582467643204,562582446527995,
0,21782251,562582443660511,562582443660511,0,562582444848152,562582444855704,562582446082579,562582446271485,562582471860241,562582444760808,8255640,562582448498204,562582448578412,562582448786172,562582452933047,562582460578724,20781,393282,562582460578724,562582453663620,562582475919506,562582452933047,
0,21782259,562582451916273,562582451916273,0,562582452827995,562582452835339,562582453975964,562582454150652,562582480115881,562582452750027,8255617,562582456206641,562582456332839,562582456504193,562582461007787,562582468378464,20573,209010,562582468378464,562582461616277,562582484213204,562582461007787,
0,21782267,562582460179823,562582460179823,0,562582460839141,562582460845131,562582462377006,562582462579037,562582488371498,562582460772683,8255941,562582464686120,562582464794089,562582465041797,562582469879558,562582477287683,33229,161614,562582477287683,562582470367058,562582492494349,562582469879558,
0,21782275,562582468456296,562582468456296,0,562582469070339,562582469076589,562582470025079,562582470185287,562582496627439,562582469004141,8256816,562582472461224,562582472544610,562582472836068,562582478569610,562582485627683,26667,211094,562582485627683,562582479228412,562582500636954,562582478569610,
0,21782283,562582476709939,562582476709939,0,562582477463829,562582477470391,562582478506068,562582478683204,562582504884255,562582477379974,8256895,562582480695235,562582480777006,562582481009141,562582486307214,562582493719349,28073,189636,562582493719349,562582486874766,562582508940547,562582486307214,
0,21782291,562582484967425,562582484967425,0,562582485610860,562582485619297,562582488345704,562582488507214,562582513141150,562582485529714,8257128,562582489379089,562582489490912,562582489666641,562582494815183,562582501931589,27448,252969,562582501931589,562582495458568,562582517158672,562582494815183,
0,21782307,562582501498673,562582501498673,0,562582502076224,562582502083360,562582505156224,562582505318724,562582521398278,562582501995183,8258229,562582505856589,562582505958412,562582506219662,562582515251537,562582518035131,31354,251719,562582518035131,562582515868672,562582533676485,562582515251537,
0,21782315,562582509742284,562582509742284,0,562582510533256,562582510539558,562582538222370,562582538356016,562582529656507,562582510462422,8257601,562582542664402,562582542736120,562582542935183,562582548876797,562582553555652,29323,214219,562582553555652,562582549468256,562582566808047,562582548876797,
0,21782323,562582526248150,562582542762196,0,562582544476068,562582544479297,562582545643464,562582545764506,562582570954556,562582544241745,8257023,562582546175756,562582549613204,562582549849141,562582558209349,562582560904245,12291,693803,562582560904245,562582559247839,562582575091745,562582558209349,
0,21782330,562582550997855,562582550997855,0,562582551737631,562582551742527,562582551745391,562582551958933,562582579211579,562582551674662,8255865,562582553164870,562582559452370,562582559626902,562582565838881,562582569025599,13125,245469,562582569025599,562582566415131,562582583270912,562582565838881,
0,21782338,562582559253720,562582559253720,0,562582560775808,562582560780652,562582560783724,562582560936120,562582587467444,562582560724245,8255865,562582561792787,562582566562943,562582566739922,562582574404766,562582577241016,13177,261875,562582577241016,562582575327162,562582591508464,562582574404766,
0,21782346,562582567500673,562582567500673,0,562582568581120,562582568587318,562582568590443,562582568771485,562582595723309,562582568510704,8255532,562582569735912,562582575516693,562582575739870,562582582150808,562582586059349,18854,235677,562582586059349,562582582704454,562582599772162,562582582150808,
0,21782354,562582575778835,562582575778835,0,562582578689297,562582578694141,562582578697058,562582578875235,562582603978841,562582578629245,8256585,562582579818047,562582582850495,562582583042006,562582590225860,562582593940495,12188,209166,562582593940495,562582590740183,562582608047839,562582590225860,
0,21782362,562582584058728,562582584058728,0,562582587034506,562582587041277,562582587044402,562582587238777,562582612235426,562582586956954,8257668,562582588400339,562582590856381,562582591047214,562582596127995,562582598650183,12447,139948,562582598650183,562582596695131,562582616249974,562582596127995,
0,21782370,562582592307250,562582592307250,0,562582594615443,562582594621589,562582594624714,562582594822735,562582620493094,562582594545652,8257074,562582595792110,562582596804506,562582597121172,562582602062110,562582606008047,9531,168542,562582606008047,562582602477110,562582624547787,562582602062110,
0,21782378,562582600564329,562582600564329,0,562582601741277,562582601747214,562582601750235,562582601910183,562582628750168,562582601672370,8257311,562582602887266,562582602965183,562582603253151,562582609616329,562582613821589,446823,233802,562582613821589,562582610234922,562582632755651,562582609616329,
0,21782386,562582608815933,562582608815933,0,562582609431224,562582609435339,562582609437683,562582609597631,562582637007479,562582609379193,8257010,562582610512579,562582610579662,562582610756693,562582618296745,562582622495026,845781,200000,562582622495026,562582618834089,562582641150547,562582618296745,
0,21782394,562582617073886,562582617073886,0,562582617777474,562582617782162,562582617784610,562582617933724,562582645264489,562582617721016,8257065,562582618791849,562582618966954,562582619203412,562582626777839,562582630684089,230364,172761,562582630684089,562582627220704,562582649282683,562582626777839,
0,21782402,562582625315850,562582625315850,0,562582626192318,562582626196485,562582626198829,562582626340495,562582653521554,562582626139297,8256207,562582627130704,562582627338672,562582627633881,562582633034870,562582637206276,148281,169740,562582637206276,562582633459297,562582657550391,562582633034870,
0,21782410,562582633572515,562582633572515,0,562582634214349,562582634218985,562582634221329,562582634382891,562582661777761,562582634164610,8256243,562582635118464,562582635193881,562582635420339,562582642051068,562582645948308,424583,186198,562582645948308,562582642588256,562582665789610,562582642051068,
0,21782418,562582641813806,562582641813806,0,562582642478881,562582642483151,562582642485339,562582642646589,562582670034004,562582642422891,8255312,562582643389506,562582643562995,562582643801120,562582650384245,562582654837422,1271406,182917,562582654837422,562582650856016,562582674092370,562582650384245,
0,21782426,562582650087420,562582650087420,0,562582650722943,562582650727839,562582650730026,562582650873568,562582678289316,562582650669454,8256090,562582651636537,562582651736641,562582652139297,562582659218099,562582663325079,543750,186250,562582663325079,562582659684870,562582682313724,562582659218099,
0,21782434,562582658339135,562582658339135,0,562582658957214,562582658961537,562582658963724,562582659097579,562582686545406,562582658905912,8256003,562582659880131,562582659940495,562582660159870,562582665887579,562582669982110,419323,168073,562582669982110,562582666308516,562582690586693,562582665887579,
0,21782442,562582666604214,562582666604214,0,562582667280339,562582667285547,562582667287735,562582667440287,562582694801409,562582667219714,8257027,562582668323776,562582668437683,562582668697839,562582675802891,562582679885599,434635,169166,562582679885599,562582676435860,562582698834506,562582675802891,
0,21782450,562582674849882,562582674849882,0,562582676664245,562582676670808,562582676672995,562582676861693,562582703058436,562582676593360,8256337,562582677729193,562582677833776,562582678105183,562582684480599,562582688786224,27187,190417,562582688786224,562582685004089,562582707112318,562582684480599,
0,21782458,562582683107243,562582683107243,0,562582683845079,562582683849349,562582683851745,562582683999141,562582711314773,562582683789818,8256336,562582684963308,562582685124922,562582685367631,562582694244610,562582696846381,315156,175833,562582696846381,562582694705599,562582715354297,562582694244610,
0,21782466,562582691362577,562582691362577,0,562582692219870,562582692223672,562582692225964,562582692387839,562582719571109,562582692168724,8256445,562582693037526,562582694824349,562582695093620,562582700568360,562582704869610,17968,202344,562582704869610,562582701080756,562582723576849,562582700568360,
0,21782474,562582699626364,562582699626364,0,562582701046589,562582701065912,562582701078776,562582701409193,562582727827554,562582700853829,8257179,562582702173412,562582702243672,562582702456641,562582712089454,562582715605651,29375,208594,562582715605651,562582712582683,562582731898412,562582712089454,
0,21782482,562582707871529,562582707871529,0,562582709311381,562582709330183,562582709342943,562582709824037,562582736084733,562582709122683,8256234,562582711326641,562582712695547,562582714326433,562582723367526,562582726012995,18646,725261,562582726012995,562582724378047,562582740136693,562582723367526,
0,21782490,562582716127417,562582716127417,0,562582716704349,562582716709245,562582716712214,562582716860651,562582744340967,562582716648881,8256129,562582717651954,562582724543881,562582724807370,562582730954818,562582733983516,19010,265000,562582733983516,562582731571276,562582748367266,562582730954818,
0,21782498,562582724370848,562582724370848,0,562582725944401,562582725948516,562582725950860,562582726065287,562582752597096,562582725905235,8255021,562582726851954,562582731707214,562582732496172,562582739026693,562582742459974,22760,258281,562582742459974,562582739604558,562582756609349,562582739026693,
0,21782506,562582732604541,562582732604541,0,562582735066120,562582735072058,562582735074506,562582735229922,562582760852117,562582735005912,8253312,562582735942214,562582739726381,562582739993412,562582746718360,562582750513204,17396,255677,562582750513204,562582747304089,562582764930183,562582746718360,
0,21782514,562582740875759,562582740875759,0,562582743487579,562582743492839,562582743495912,562582743671537,562582769105429,562582743415547,8254549,562582745899141,562582747448308,562582747656901,562582754160756,562582757970547,14583,250781,562582757970547,562582754810651,562582773176276,562582754160756,
0,21782522,562582749147798,562582749147798,0,562582750508829,562582750528360,562582750541745,562582751073620,562582777359978,562582750284141,8256015,562582752340183,562582754963412,562582755260131,562582759437214,562582762542526,17031,177552,562582762542526,562582759855808,562582781369089,562582759437214,
0,21782530,562582757402655,562582757402655,0,562582758083829,562582758090339,562582758092579,562582758269297,562582785615993,562582758006172,8256018,562582758638047,562582760031589,562582760236849,562582763018047,562582766647579,16042,171354,562582766647579,562582763404245,562582789640235,562582763018047,
0,21782565,562587446710262,562587446710262,0,562587448690806,562587448703879,562587487155806,562587487304348,562587463376928,562587447982577,16666666,562587491863670,562587491944348,562587492597889,562587502195806,562587517667837,98907,254375,562587517667837,562587502765650,562587526992785,562587502195806,
0,21782572,562587478773332,562587495439998,0,562587496514712,562587496517681,562587497868462,562587498036952,562587546710258,562587496166483,16666666,562587498258254,562587502895285,562587503105025,562587505689191,562587527138410,11511,11970573,562587527138410,562587517947733,562587543474504,562587505689191,
0,21782611,562597473572218,562597473572218,0,562597474720385,562597474734552,562597515106062,562597515267937,562597490238884,562597474341219,16666666,562597520685177,562597520768354,562597521028562,562597526547885,562597537648667,35364,342500,562597537648667,562597527253354,562597542790698,562597526547885,
0,21782625,562597511068332,562597511068332,0,562597523496010,562597523498354,562597524728510,562597524851583,562597556905548,562597523431896,16666666,562597524993458,562597527404604,562597527599812,562597531419917,562597545006010,22604,5626927,562597545006010,562597537828823,562597559357312,562597531419917,
0,21782674,562607515328518,562607515328518,0,562607516731840,562607516746579,562607558825850,562607558970590,562607531995184,562607516372413,16666666,562607563497100,562607563570121,562607563808038,562607572915642,562607592502673,40000,272656,562607592502673,562607573643975,562607610067100,562607572915642,
0,21782681,562607545249332,562607561915998,0,562607566940225,562607566942934,562607568162100,562607568285225,562607615328514,562607566560694,16666666,562607568442725,562607573781579,562607574045746,562607576151163,562607601491944,15781,16604167,562607601491944,562607593366736,562607626600225,562607576151163,
0,21782711,562617544482602,562617544482602,0,562617546075169,562617546089336,562617586906732,562617587074701,562617561149268,562617545802565,16666666,562617592410794,562617592503919,562617592786003,562617603911211,562617620308294,45469,365208,562617620308294,562617604851992,562617627679336,562617603911211,
0,21782718,562617579328332,562617579328332,0,562617595483294,562617595485846,562617596722721,562617596834232,562617644482598,562617595424753,16666666,562617596981419,562617605026211,562617605254857,562617607513815,562617629570742,16875,12766354,562617629570742,562617620626732,562617644432044,562617607513815,
0,21782748,562627562068936,562627562068936,0,562627567441780,562627567456936,562627602657301,562627602831624,562627578735602,562627567179749,16666666,562627608543082,562627608647249,562627608943134,562627619963916,562627635704749,54896,270989,562627635704749,562627620770686,562627646918291,562627619963916,
0,21782755,562627598530666,562627598530666,0,562627611679384,562627611681884,562627612857405,562627612968447,562627662068932,562627611620478,16666666,562627613104645,562627620901155,562627621124072,562627623183030,562627645237145,14062,12521042,562627645237145,562627636147613,562627663503499,562627623183030,
0,21782845,562637583850334,562637583850334,0,562637587506828,562637587520370,562637627199693,562637627368183,562637600517000,562637587279797,16518800,562637632878912,562637632983443,562637633271047,562637644587818,562637656261516,54166,290052,562637656261516,562637645313912,562581782395756,562637644587818,
0,21782852,562637616887934,562637633406734,0,562637636274276,562637636276828,562637637530891,562637637662037,562637683111000,562637635867141,16518800,562637637825631,562637645494537,562637645790318,562637648166672,562637665616724,14375,8198542,562637665616724,562637656723130,562581790703464,562637648166672,
0,21782890,562647621859718,562647621859718,0,562647625048335,562647625088231,562647666868700,562647667012085,562647638526384,562647624416200,16666666,562647671613648,562647671689168,562647671893595,562647681500887,562647698694116,34219,220520,562647698694116,562647682058543,562581798892527,562647681500887,
0,21782897,562647654590332,562647671256998,0,562647674304064,562647674306564,562647675467398,562647675581564,562647721859714,562647674044012,16666666,562647675724950,562647682148075,562647682320106,562647684455262,562647707928595,13802,14310000,562647707928595,562647699080887,562581807124766,562647684455262,
---PROFILEDATA---


View hierarchy:

  com.paifa.ubikitouch/com.paifa.ubikitouch.app.MainActivity/android.view.ViewRootImpl@416ec7e
  10 views, 19.06 kB of render nodes

  /android.view.ViewRootImpl@6c7dce7
  9 views, 18.43 kB of render nodes


Total ViewRootImpl   : 2
Total attached Views : 19
Total RenderNode     : 37.49 kB (used) / 81.13 kB (capacity)

