Applications Graphics Acceleration Info:
Uptime: 562909749 Realtime: 610434827

** Graphics info for pid 13529 [com.paifa.ubikitouch] **

Stats since: 562723101179452ns
Total frames rendered: 1207
Janky frames: 213 (17.65%)
Janky frames (legacy): 1176 (97.43%)
50th percentile: 21ms
90th percentile: 32ms
95th percentile: 42ms
99th percentile: 73ms
Number Missed Vsync: 21
Number High input latency: 1946
Number Slow UI thread: 206
Number Slow bitmap uploads: 0
Number Slow issue draw commands: 213
Number Frame deadline missed: 213
Number Frame deadline missed (legacy): 255
HISTOGRAM: 5ms=0 6ms=0 7ms=0 8ms=0 9ms=7 10ms=3 11ms=16 12ms=27 13ms=29 14ms=29 15ms=17 16ms=36 17ms=62 18ms=68 19ms=106 20ms=114 21ms=100 22ms=49 23ms=57 24ms=53 25ms=85 26ms=59 27ms=46 28ms=38 29ms=27 30ms=28 31ms=13 32ms=19 34ms=22 36ms=10 38ms=12 40ms=12 42ms=11 44ms=11 46ms=3 48ms=10 53ms=3 57ms=3 61ms=2 65ms=2 69ms=4 73ms=3 77ms=2 81ms=2 85ms=3 89ms=3 93ms=0 97ms=0 101ms=0 105ms=0 109ms=0 113ms=0 117ms=0 121ms=1 125ms=0 129ms=0 133ms=0 150ms=0 200ms=0 250ms=0 300ms=0 350ms=0 400ms=0 450ms=0 500ms=0 550ms=0 600ms=0 650ms=0 700ms=0 750ms=0 800ms=0 850ms=0 900ms=0 950ms=0 1000ms=0 1050ms=0 1100ms=0 1150ms=0 1200ms=0 1250ms=0 1300ms=0 1350ms=0 1400ms=0 1450ms=0 1500ms=0 1550ms=0 1600ms=0 1650ms=0 1700ms=0 1750ms=0 1800ms=0 1850ms=0 1900ms=0 1950ms=0 2000ms=0 2050ms=0 2100ms=0 2150ms=0 2200ms=0 2250ms=0 2300ms=0 2350ms=0 2400ms=0 2450ms=0 2500ms=0 2550ms=0 2600ms=0 2650ms=0 2700ms=0 2750ms=0 2800ms=0 2850ms=0 2900ms=0 2950ms=0 3000ms=0 3050ms=0 3100ms=0 3150ms=0 3200ms=0 3250ms=0 3300ms=0 3350ms=0 3400ms=0 3450ms=0 3500ms=0 3550ms=0 3600ms=0 3650ms=0 3700ms=0 3750ms=0 3800ms=0 3850ms=0 3900ms=0 3950ms=0 4000ms=0 4050ms=0 4100ms=0 4150ms=0 4200ms=0 4250ms=0 4300ms=0 4350ms=0 4400ms=0 4450ms=0 4500ms=0 4550ms=0 4600ms=0 4650ms=0 4700ms=0 4750ms=0 4800ms=0 4850ms=0 4900ms=0 4950ms=0
50th gpu percentile: 8ms
90th gpu percentile: 10ms
95th gpu percentile: 12ms
99th gpu percentile: 20ms
GPU HISTOGRAM: 1ms=0 2ms=0 3ms=9 4ms=50 5ms=77 6ms=143 7ms=212 8ms=257 9ms=269 10ms=86 11ms=31 12ms=14 13ms=9 14ms=6 15ms=3 16ms=7 17ms=11 18ms=7 19ms=2 20ms=5 21ms=4 22ms=1 23ms=2 24ms=0 25ms=1 4950ms=1

Pipeline=Skia (OpenGL)
Memory policy:
  Max surface area: 2592000
  Max resource usage: 373.25MB (x144)
  Background retention: 50% (altUiHidden = true)
  GPU Context timeout: 10
Contexts: 2 (stopped = 0)
CPU Caches:
  Glyph Cache: 1.37 MB (1 entry)
  Shadows: 8.70 KB (7 entries)
  Glyph Count: 179 
Total CPU memory usage:
  1442607 bytes, 1.38 MB (0.00 bytes is purgeable)
GPU Caches:
  SW Path Mask:
    Texture: 1.47 MB (4 entries)
  Other:
    Other: 70.16 KB (1 entry)
    Buffer Object: 2.49 KB (4 entries)
    StencilAttachment: 8.00 MB (1 entry)
  Image:
    Texture: 406.33 KB (55 entries)
  Scratch:
    RenderTarget: 326.25 MB (296 entries)
    Buffer Object: 78.00 KB (2 entries)
    Texture: 8.29 MB (26 entries)
Total GPU memory usage:
  361293440 bytes, 344.56 MB (6.01 MB is purgeable)

Profile data in ms:

	com.paifa.ubikitouch/com.paifa.ubikitouch.app.MainActivity/android.view.ViewRootImpl@416ec7e (visibility=0)
Window: com.paifa.ubikitouch/com.paifa.ubikitouch.app.MainActivity
Stats since: 562723099412317ns
Total frames rendered: 0
Janky frames: 0 (0.00%)
Janky frames (legacy): 0 (0.00%)
50th percentile: 4950ms
90th percentile: 4950ms
95th percentile: 4950ms
99th percentile: 4950ms
Number Missed Vsync: 0
Number High input latency: 0
Number Slow UI thread: 0
Number Slow bitmap uploads: 0
Number Slow issue draw commands: 0
Number Frame deadline missed: 0
Number Frame deadline missed (legacy): 0
HISTOGRAM: 5ms=0 6ms=0 7ms=0 8ms=0 9ms=0 10ms=0 11ms=0 12ms=0 13ms=0 14ms=0 15ms=0 16ms=0 17ms=0 18ms=0 19ms=0 20ms=0 21ms=0 22ms=0 23ms=0 24ms=0 25ms=0 26ms=0 27ms=0 28ms=0 29ms=0 30ms=0 31ms=0 32ms=0 34ms=0 36ms=0 38ms=0 40ms=0 42ms=0 44ms=0 46ms=0 48ms=0 53ms=0 57ms=0 61ms=0 65ms=0 69ms=0 73ms=0 77ms=0 81ms=0 85ms=0 89ms=0 93ms=0 97ms=0 101ms=0 105ms=0 109ms=0 113ms=0 117ms=0 121ms=0 125ms=0 129ms=0 133ms=0 150ms=0 200ms=0 250ms=0 300ms=0 350ms=0 400ms=0 450ms=0 500ms=0 550ms=0 600ms=0 650ms=0 700ms=0 750ms=0 800ms=0 850ms=0 900ms=0 950ms=0 1000ms=0 1050ms=0 1100ms=0 1150ms=0 1200ms=0 1250ms=0 1300ms=0 1350ms=0 1400ms=0 1450ms=0 1500ms=0 1550ms=0 1600ms=0 1650ms=0 1700ms=0 1750ms=0 1800ms=0 1850ms=0 1900ms=0 1950ms=0 2000ms=0 2050ms=0 2100ms=0 2150ms=0 2200ms=0 2250ms=0 2300ms=0 2350ms=0 2400ms=0 2450ms=0 2500ms=0 2550ms=0 2600ms=0 2650ms=0 2700ms=0 2750ms=0 2800ms=0 2850ms=0 2900ms=0 2950ms=0 3000ms=0 3050ms=0 3100ms=0 3150ms=0 3200ms=0 3250ms=0 3300ms=0 3350ms=0 3400ms=0 3450ms=0 3500ms=0 3550ms=0 3600ms=0 3650ms=0 3700ms=0 3750ms=0 3800ms=0 3850ms=0 3900ms=0 3950ms=0 4000ms=0 4050ms=0 4100ms=0 4150ms=0 4200ms=0 4250ms=0 4300ms=0 4350ms=0 4400ms=0 4450ms=0 4500ms=0 4550ms=0 4600ms=0 4650ms=0 4700ms=0 4750ms=0 4800ms=0 4850ms=0 4900ms=0 4950ms=0
50th gpu percentile: 4950ms
90th gpu percentile: 4950ms
95th gpu percentile: 4950ms
99th gpu percentile: 4950ms
GPU HISTOGRAM: 1ms=0 2ms=0 3ms=0 4ms=0 5ms=0 6ms=0 7ms=0 8ms=0 9ms=0 10ms=0 11ms=0 12ms=0 13ms=0 14ms=0 15ms=0 16ms=0 17ms=0 18ms=0 19ms=0 20ms=0 21ms=0 22ms=0 23ms=0 24ms=0 25ms=0 4950ms=0



---PROFILEDATA---
Flags,FrameTimelineVsyncId,IntendedVsync,Vsync,InputEventId,HandleInputStart,AnimationStart,PerformTraversalsStart,DrawStart,FrameDeadline,FrameInterval,FrameStartTime,SyncQueued,SyncStart,IssueDrawCommandsStart,SwapBuffers,FrameCompleted,DequeueBufferDuration,QueueBufferDuration,GpuCompleted,SwapBuffersCompleted,DisplayPresentTime,CommandSubmissionCompleted,
---PROFILEDATA---


	/android.view.ViewRootImpl@6c7dce7 (visibility=0)
Window: 
Stats since: 562723101178931ns
Total frames rendered: 1207
Janky frames: 213 (17.65%)
Janky frames (legacy): 1176 (97.43%)
50th percentile: 21ms
90th percentile: 32ms
95th percentile: 42ms
99th percentile: 73ms
Number Missed Vsync: 21
Number High input latency: 1946
Number Slow UI thread: 206
Number Slow bitmap uploads: 0
Number Slow issue draw commands: 213
Number Frame deadline missed: 213
Number Frame deadline missed (legacy): 255
HISTOGRAM: 5ms=0 6ms=0 7ms=0 8ms=0 9ms=7 10ms=3 11ms=16 12ms=27 13ms=29 14ms=29 15ms=17 16ms=36 17ms=62 18ms=68 19ms=106 20ms=114 21ms=100 22ms=49 23ms=57 24ms=53 25ms=85 26ms=59 27ms=46 28ms=38 29ms=27 30ms=28 31ms=13 32ms=19 34ms=22 36ms=10 38ms=12 40ms=12 42ms=11 44ms=11 46ms=3 48ms=10 53ms=3 57ms=3 61ms=2 65ms=2 69ms=4 73ms=3 77ms=2 81ms=2 85ms=3 89ms=3 93ms=0 97ms=0 101ms=0 105ms=0 109ms=0 113ms=0 117ms=0 121ms=1 125ms=0 129ms=0 133ms=0 150ms=0 200ms=0 250ms=0 300ms=0 350ms=0 400ms=0 450ms=0 500ms=0 550ms=0 600ms=0 650ms=0 700ms=0 750ms=0 800ms=0 850ms=0 900ms=0 950ms=0 1000ms=0 1050ms=0 1100ms=0 1150ms=0 1200ms=0 1250ms=0 1300ms=0 1350ms=0 1400ms=0 1450ms=0 1500ms=0 1550ms=0 1600ms=0 1650ms=0 1700ms=0 1750ms=0 1800ms=0 1850ms=0 1900ms=0 1950ms=0 2000ms=0 2050ms=0 2100ms=0 2150ms=0 2200ms=0 2250ms=0 2300ms=0 2350ms=0 2400ms=0 2450ms=0 2500ms=0 2550ms=0 2600ms=0 2650ms=0 2700ms=0 2750ms=0 2800ms=0 2850ms=0 2900ms=0 2950ms=0 3000ms=0 3050ms=0 3100ms=0 3150ms=0 3200ms=0 3250ms=0 3300ms=0 3350ms=0 3400ms=0 3450ms=0 3500ms=0 3550ms=0 3600ms=0 3650ms=0 3700ms=0 3750ms=0 3800ms=0 3850ms=0 3900ms=0 3950ms=0 4000ms=0 4050ms=0 4100ms=0 4150ms=0 4200ms=0 4250ms=0 4300ms=0 4350ms=0 4400ms=0 4450ms=0 4500ms=0 4550ms=0 4600ms=0 4650ms=0 4700ms=0 4750ms=0 4800ms=0 4850ms=0 4900ms=0 4950ms=0
50th gpu percentile: 8ms
90th gpu percentile: 10ms
95th gpu percentile: 12ms
99th gpu percentile: 20ms
GPU HISTOGRAM: 1ms=0 2ms=0 3ms=9 4ms=50 5ms=77 6ms=143 7ms=212 8ms=257 9ms=269 10ms=86 11ms=31 12ms=14 13ms=9 14ms=6 15ms=3 16ms=7 17ms=11 18ms=7 19ms=2 20ms=5 21ms=4 22ms=1 23ms=2 24ms=0 25ms=1 4950ms=1



---PROFILEDATA---
Flags,FrameTimelineVsyncId,IntendedVsync,Vsync,InputEventId,HandleInputStart,AnimationStart,PerformTraversalsStart,DrawStart,FrameDeadline,FrameInterval,FrameStartTime,SyncQueued,SyncStart,IssueDrawCommandsStart,SwapBuffers,FrameCompleted,DequeueBufferDuration,QueueBufferDuration,GpuCompleted,SwapBuffersCompleted,DisplayPresentTime,CommandSubmissionCompleted,
0,21814405,562744182829292,562744182829292,0,562744183601996,562744183607361,562744184582152,562744184723871,562744210958021,562744183542048,8258761,562744186122257,562744189280902,562744189626423,562744198148507,562744205099861,19479,792969,562744205099861,562744199745954,562744215008871,562744198148507,
0,21814413,562744191078223,562744191078223,0,562744192568402,562744192574809,562744193540902,562744193709704,562744219216782,562744191990329,8258486,562744195743819,562744199938767,562744200345746,562744206072934,562744212901527,17760,295885,562744212901527,562744206883611,562744223226944,562744206072934,
0,21814421,562744199331418,562744199331418,0,562744201619340,562744201624132,562744215089184,562744215293611,562744227475268,562744201552517,8258518,562744217804027,562744217944600,562744218335590,562744222921267,562744229023611,79896,297813,562744229023611,562744223591267,562744239867725,562744222921267,
0,21814429,562744207589732,562744215847719,0,562744222133246,562744222137517,562744223750590,562744223940746,562744244032156,562744221811475,8257987,562744225293663,562744225361475,562744225575434,562744232656163,562744238194027,21250,402188,562744238194027,562744233492152,562744248086736,562744232656163,
0,21814437,562744224082431,562744224082431,0,562744227080954,562744227084704,562744229904496,562744230037309,562744252290143,562744227030954,8257255,562744230685694,562744233656736,562744234002100,562744239212621,562744246063038,26250,287136,562744246063038,562744239806944,562744256303923,562744239212621,
0,21814445,562744232339686,562744232339686,0,562744236309861,562744236316684,562744239699913,562744240467361,562744260547398,562744236213350,8255990,562744242421371,562744242502152,562744242697517,562744248306423,562744253822361,19010,310156,562744253822361,562744249001944,562744264793246,562744248306423,
0,21814453,562744240573960,562744240573960,0,562744243814600,562744243819027,562744244924704,562744246161736,562744268803388,562744243763090,8256545,562744247980277,562744249281007,562744249509132,562744254253402,562744260837829,14688,209427,562744260837829,562744254718090,562744272781163,562744254253402,
0,21814461,562744248842453,562744248842453,0,562744250658194,562744250663559,562744251818611,562744252217986,562744277059933,562744250597673,8255771,562744255729809,562744255810329,562744255993663,562744261024392,562744268135486,15052,295469,562744268135486,562744262248194,562744281013090,562744261024392,
0,21814469,562744257091370,562744257091370,0,562744257717048,562744257722986,562744258616475,562744258770798,562744285315704,562744257650954,8254883,562744260471944,562744262438767,562744262615798,562744268823819,562744275660381,13490,168073,562744275660381,562744269275173,562744289411631,562744268823819,
0,21814500,562744281860418,562744281860418,-283854184,562744282948090,562744284451631,562744285484079,562744285660590,562744293527084,562744282892881,8255608,562744287491006,562744287587725,562744287952777,562744295473298,562744301712881,69323,509896,562744301712881,562744296653819,562744314111423,562744295473298,
0,21814514,562744290116026,562744290116026,-1045028732,562744292431579,562744294263090,562744295033559,562744295194236,562744318293908,562744292368142,8255608,562744296886840,562744296973975,562744297325277,562744303468246,562744310363715,31511,229791,562744310363715,562744304125486,562744322326475,562744303468246,
0,21814528,562744298371634,562744298371634,-364083994,562744299271944,562744301464652,562744308986423,562744309155798,562744326549516,562744299215746,8255608,562744311961163,562744312090902,562744312282100,562744316762309,562744324291788,23230,207656,562744324291788,562744317395017,562744330713194,562744316762309,
0,21814543,562744306627242,562744306627242,-1007052079,562744314140902,562744315765590,562744316733350,562744316900850,562744334805124,562744314084496,8256300,562744318532256,562744318619913,562744318783715,562744322874184,562744331006579,20782,1317656,562744331006579,562744324561215,562744338868246,562744322874184,
0,21814566,562744323157768,562744323157768,-791598634,562744324408663,562744325549809,562744326153975,562744326296267,562744343061424,562744324338767,8255772,562744327542986,562744327613819,562744327831631,562744332276631,562744339179027,28021,219896,562744339179027,562744332777309,562744347125798,562744332276631,
0,21814581,562744331396536,562744331396536,-652976847,562744332223975,562744333706163,562744334580173,562744334734600,562744351317196,562744332160173,8256844,562744336519236,562744336611892,562744336817621,562744341363819,562744349123142,24010,181354,562744349123142,562744341813663,562744355451736,562744341363819,
0,21814596,562744339673415,562744339673415,-936259011,562744340586111,562744342019340,562744348810225,562744349000486,562744359574040,562744340523819,8256304,562744351763506,562744351827881,562744352135954,562744359408454,562744365084184,30104,240781,562744365084184,562744359981527,562744380192517,562744359408454,
0,21814611,562744347920537,562744347920537,-141081576,562744354071736,562744355656944,562744358995173,562744359195954,562744384365297,562744354004340,8256171,562744360697673,562744360751892,562744360897100,562744365822361,562744373536163,12917,199583,562744373536163,562744366403246,562744388424704,562744365822361,
0,21814639,562744364428999,562744364428999,-326227916,562744365144652,562744366218298,562744367199548,562744367335642,562744392621468,562744365100694,8256171,562744369004704,562744369085017,562744369312256,562744374948819,562744383534444,26198,195104,562744383534444,562744375679548,562744396667256,562744374948819,
0,21814654,562744372685170,562744372685170,-942052535,562744374206475,562744375697725,562744377016371,562744377209652,562744400877639,562744374139288,8257190,562744379371215,562744379457309,562744379698819,562744386161371,562744393891163,27916,258959,562744393891163,562744386881163,562744404957100,562744386161371,
0,21814669,562744380959571,562744380959571,-154325237,562744382053611,562744383610277,562744387618038,562744387811215,562744409134829,562744381999392,8257349,562744390502725,562744390585798,562744390807569,562744396190069,562744402768819,20886,288958,562744402768819,562744396870434,562744413171319,562744396190069,
0,21814684,562744389219266,562744389219266,-239302795,562744392184600,562744393158767,562744393703350,562744393820798,562744417392178,562744392144600,8257027,562744394997829,562744396995121,562744397291319,562744403253611,562744410918350,15260,265364,562744410918350,562744403860902,562744421435746,562744403253611,
0,21814699,562744397470309,562744397470309,-370532247,562744398296006,562744399669288,562744402653194,562744402841267,562744425649205,562744398232621,8256703,562744404560381,562744404640590,562744404874652,562744410093246,562744418490850,17396,573854,562744418490850,562744411054236,562744429674184,562744410093246,
0,21814714,562744405720198,562744405720198,-160768773,562744407089236,562744408652934,562744409530746,562744409702881,562744433905908,562744407034184,8256986,562744411594392,562744411664288,562744411871163,562744417445329,562744425471684,20937,812917,562744425471684,562744418715381,562744437947934,562744417445329,
0,21814729,562744413980962,562744413980962,-832874168,562744415162673,562744416612621,562744417549027,562744417720902,562744442162894,562744415092152,8256353,562744420573246,562744420657934,562744420887569,562744426352725,562744433612517,24167,305573,562744433612517,562744427104027,562744446228871,562744426352725,
0,21814744,562744422226803,562744422226803,-837588000,562744422874704,562744424693819,562744432967152,562744433139236,562744450419247,562744422827986,8255638,562744434880798,562744434955069,562744435116527,562744440822986,562744448690486,23073,199480,562744448690486,562744441317517,562744454478871,562744440822986,
0,21814759,562744430472798,562744430472798,-444808830,562744435725954,562744436774548,562744437446163,562744437545486,562744458674885,562744435686684,8254207,562744438720017,562744441442204,562744441721059,562744447366267,562744455559965,24271,1041041,562744455559965,562744448874184,562744462709236,562744447366267,
0,21814774,562744438709070,562744438709070,-681240986,562744442714288,562744444308090,562744445390381,562744445580486,562744466929092,562744442663923,8254484,562744447529340,562744449034756,562744449286684,562744454614965,562744461819600,19844,453229,562744461819600,562744456142361,562744470950225,562744454614965,
0,21814789,562744446966478,562744446966478,-1054293763,562744450143402,562744452394444,562744453481944,562744453675173,562744475183576,562744450098402,8254648,562744455588767,562744456293819,562744456544340,562744463297673,562744469458038,22344,306927,562744469458038,562744464112934,562744479221423,562744463297673,
0,21814804,562744455225163,562744455225163,-21612784,562744457429652,562744458890434,562744471625277,562744471788246,562744483438224,562744457383923,8254258,562744474013559,562744474093350,562744474293402,562744479512413,562744485497569,24687,312448,562744485497569,562744480205121,562744495753194,562744479512413,
0,21814819,562744463477171,562744471733762,-842161807,562744475674079,562744476739965,562744478665121,562744478756319,562744499908861,562744475412673,8256591,562744479672361,562744480299027,562744480537725,562744485718038,562744492775121,14792,242135,562744492775121,562744486250694,562744503979808,562744485718038,
0,21814841,562744479998221,562744479998221,-372706875,562744482248819,562744483067152,562744483677308,562744483764548,562744508165452,562744482208194,8255534,562744485036631,562744486365538,562744486574652,562744491986944,562744499984236,15052,527448,562744499984236,562744492939183,562744512269548,562744491986944,
0,21814856,562744488253755,562744488253755,-1062964922,562744488958715,562744490221996,562744491013038,562744491153715,562744516420986,562744488899496,8254131,562744492779340,562744493058350,562744493264392,562744499685017,562744507625173,15261,300834,562744507625173,562744500378402,562744520501840,562744499685017,
0,21814871,562744496491600,562744496491600,-647215937,562744497990433,562744499513350,562744500930486,562744501122308,562744524675117,562744497908350,8255007,562744502807256,562744502894079,562744503099340,562744509484756,562744518101683,27448,259271,562744518101683,562744510189288,562744528728819,562744509484756,
0,21814886,562744504758329,562744504758329,-3061515,562744505850277,562744507665121,562744508615329,562744508791267,562744532930124,562744505780329,8254606,562744510783611,562744510856944,562744511080798,562744517696788,562744525209183,17813,228281,562744525209183,562744518313975,562744537000590,562744517696788,
0,21814901,562744513007522,562744513007522,-933549846,562744513694392,562744515665277,562744528526058,562744528686267,562744541184730,562744513624288,8254057,562744530965538,562744531060017,562744531267152,562744536794808,562744542777829,23542,177916,562744542777829,562744537235694,562744553513246,562744536794808,
0,21814916,562744521268614,562744529523624,-250754405,562744532872829,562744533819652,562744534637152,562744534728402,562744557690416,562744532581840,8255010,562744535750486,562744537324808,562744537524756,562744543085069,562744550139808,14062,272760,562744550139808,562744543644652,562744561814236,562744543085069,
0,21814939,562744546021685,562744546021685,0,562744546548038,562744546551683,562744547149444,562744547217361,562744565945426,562744546509236,8253702,562744548394548,562744548431371,562744548539548,562744553838298,562744560561163,20157,218803,562744560561163,562744554323142,562744570083819,562744553838298,
0,21814947,562744554276249,562744554276249,0,562744555266944,562744555270538,562744556091215,562744556323506,562744574199128,562744555209340,8254321,562744557639340,562744557700277,562744558027621,562744567480746,562744574670694,26041,367031,562744574670694,562744568309600,562744586560902,562744567480746,
0,21814955,562744562530570,562744562530570,0,562744563441163,562744563449079,562744565063819,562744565235538,562744590705878,562744563350850,8255230,562744567042569,562744568464861,562744568740433,562744576477569,562744584994548,24270,258072,562744584994548,562744577098819,562744594816319,562744576477569,
0,21814962,562744570799858,562744570799858,0,562744571701423,562744571706736,562744572582048,562744572767986,562744598961108,562744571653871,8255230,562744574729183,562744577225642,562744577478350,562744586202413,562744593164965,21667,479114,562744593164965,562744586940642,562744603084756,562744586202413,
0,21814970,562744579055088,562744579055088,0,562744580412829,562744580418038,562744581288663,562744581445590,562744607216338,562744580348090,8255960,562744582820329,562744587141423,562744587369600,562744592576163,562744599773663,24062,345156,562744599773663,562744593270069,562744611377465,562744592576163,
0,21814978,562744587324128,562744587324128,0,562744589025381,562744589031423,562744599942881,562744600093558,562744615472298,562744588969496,8255999,562744602257465,562744602404236,562744602892621,562744610088506,562744616624496,88489,222917,562744616624496,562744610635121,562744627890329,562744610088506,
0,21814986,562744595586163,562744603842612,0,562744605831267,562744605835069,562744606533454,562744606639600,562744632014790,562744605505381,8256449,562744607717517,562744610811631,562744611073350,562744619388767,562744626142413,16719,823750,562744626142413,562744620574913,562744636164548,562744619388767,
0,21814994,562744612101331,562744612101331,0,562744612911215,562744612915746,562744613816475,562744613967308,562744640271239,562744612856944,8256547,562744615752881,562744620785954,562744621072152,562744628643663,562744635202413,22969,376875,562744635202413,562744629578767,562744644915069,562744628643663,
0,21815002,562744620357878,562744620357878,0,562744622391423,562744622397621,562744623409079,562744623580642,562744648527786,562744622322152,8257158,562744625629392,562744629776371,562744630049548,562744635732881,562744642806944,20625,481823,562744642806944,562744636512256,562744652613715,562744635732881,
0,21815010,562744628626441,562744628626441,0,562744631374183,562744631378715,562744637301006,562744637512308,562744656784944,562744631319496,8257158,562744639253350,562744639335433,562744639618871,562744647431475,562744655414496,22032,323073,562744655414496,562744648236527,562744660891423,562744647431475,
0,21815018,562744636891129,562744636891129,0,562744641852986,562744641858975,562744644242413,562744644394288,562744665042102,562744641769965,8258147,562744645330173,562744648345590,562744648537673,562744656530798,562744663413611,12343,304167,562744663413611,562744657236371,562744677303923,562744656530798,
0,21815026,562744645160941,562744645160941,0,562744651776527,562744651781058,562744654465538,562744654632517,562744673300249,562744651716006,8258147,562744655278923,562744657433142,562744657776631,562744661191736,562744666373871,19896,2156458,562744666373871,562744663600954,562744685606163,562744661191736,
0,21815034,562744661791734,562744661791734,0,562744662542256,562744662548611,562744685094392,562744685224079,562744681558396,562744662491267,8264147,562744688721319,562744688783246,562744688974340,562744697498610,562744703956631,23958,204688,562744703956631,562744698014235,562744718683506,562744697498610,
0,21815043,562744678258997,562744686520442,0,562744690257621,562744690260850,562744691430329,562744691580433,562744723043282,562744690023506,8261445,562744692117361,562744698122673,562744698304131,562744710571944,562744715089288,12031,459323,562744715089288,562744711854496,562744726898558,562744710571944,
0,21815050,562744694781887,562744694781887,0,562744699334392,562744699338871,562744699342048,562744699464444,562744731304727,562744699287204,8261445,562744700194131,562744712706215,562744712950694,562744716096683,562744721796110,25469,239114,562744721796110,562744716572204,562744735107725,562744716096683,
0,21815057,562744703043332,562744711304777,0,562744715124183,562744715132465,562744715138610,562744715360746,562744739566172,562744714593454,8261445,562744718441579,562744718950121,562744719145485,562744722791944,562744728487100,20208,344271,562744728487100,562744723475590,562744743361475,562744722791944,
0,21815066,562744719535453,562744719535453,0,562744720401423,562744720408090,562744720411110,562744720566735,562744747827617,562744720340642,8259549,562744721279965,562744723602777,562744723787881,562744726842985,562744731944496,20365,1524584,562744731944496,562744728696163,562744751608454,562744726842985,
0,21815074,562744727778682,562744727778682,0,562744728969756,562744728975798,562744728978871,562744729170225,562744756087166,562744728887725,8259549,562744730078454,562744730139756,562744730311631,562744733504288,562744739164027,16979,207812,562744739164027,562744734021788,562744759933090,562744733504288,
0,21815082,562744736009160,562744736009160,0,562744736731163,562744736737048,562744736739965,562744736960381,562744764346715,562744736655902,8258189,562744737899340,562744737987152,562744738199235,562744741491579,562744747102725,27760,198542,562744747102725,562744742068923,562744768129600,562744741491579,
0,21815090,562744744236492,562744744236492,0,562744745400538,562744745406735,562744745409496,562744745583194,562744772604904,562744745325850,8256825,562744746334288,562744746419756,562744746703767,562744750443819,562744755838975,23594,282291,562744755838975,562744751207517,562744776381475,562744750443819,
0,21815098,562744752464442,562744752464442,0,562744753477152,562744753488298,562744753491683,562744753719965,562744780861729,562744753380329,8253631,562744754715954,562744754785121,562744754953350,562744758694183,562744764422621,24427,213646,562744764422621,562744759193298,562744784622673,562744758694183,
0,21815106,562744760689221,562744760689221,0,562744761422465,562744761430225,562744761434496,562744761668663,562744789115360,562744761337621,8253631,562744762740329,562744763449913,562744763659444,562744770152621,562744774389235,1560000,251563,562744774389235,562744770759548,562744792855954,562744770152621,
0,21815114,562744768932730,562744768932730,0,562744769813558,562744769820381,562744769823194,562744770020069,562744797368991,562744769737777,8252772,562744771010485,562744771136423,562744771429288,562744776098142,562744781827621,22916,265625,562744781827621,562744776658454,562744801163038,562744776098142,
0,21815122,562744777164690,562744777164690,0,562744778373090,562744778379235,562744778382100,562744778569652,562744805621763,562744778302517,8251368,562744779531944,562744779615590,562744779867777,562744783311579,562744789384288,22969,224323,562744789384288,562744783846475,562744809392829,562744783311579,
0,21815130,562744785402169,562744785402169,0,562744786161579,562744786169965,562744786173767,562744786407517,562744813873131,562744786064652,8250407,562744787524131,562744787611267,562744787782829,562744791282152,562744797628402,21354,274219,562744797628402,562744791890954,562744817698350,562744791282152,
0,21815138,562744793639249,562744793639249,0,562744794506319,562744794516631,562744794521215,562744794776475,562744822123538,562744794402621,8248096,562744795940902,562744796147256,562744796343663,562744802801371,562744807415329,25729,394479,562744807415329,562744803513767,562744825946735,562744802801371,
0,21815146,562744801870205,562744801870205,0,562744802776527,562744802783767,562744802787673,562744802997308,562744830371634,562744802694444,8247201,562744804322360,562744804402100,562744804676475,562744811254860,562744815816423,39115,226563,562744815816423,562744811804756,562744834192308,562744811254860,
0,21815154,562744810111823,562744810111823,0,562744810901058,562744810908298,562744810912777,562744811117829,562744838618835,562744810821423,8246121,562744812321267,562744812417048,562744812663610,562744819549704,562744824218767,22083,373021,562744824218767,562744820260017,562744842449913,562744819549704,
0,21815162,562744818349173,562744818349173,0,562744819628454,562744819636163,562744819640590,562744819856944,562744846864956,562744819546527,8245940,562744821170538,562744821272725,562744821530902,562744827829808,562744832530746,25260,254167,562744832530746,562744828509444,562744850714704,562744827829808,
0,21815170,562744826601007,562744826601007,0,562744827480902,562744827487517,562744827491423,562744827674183,562744855110896,562744827405485,8245886,562744828684340,562744828776371,562744829024652,562744835360798,562744839922360,18229,744792,562744839922360,562744836404392,562744858971527,562744835360798,
0,21815178,562744834853852,562744834853852,0,562744835751631,562744835758715,562744835762725,562744835979600,562744863356782,562744835670225,8245993,562744837303923,562744837384183,562744837640017,562744844564183,562744849595590,21198,219583,562744849595590,562744845128402,562744867215850,562744844564183,
0,21815186,562744843107604,562744843107604,0,562744844352413,562744844360277,562744844364288,562744844584496,562744871602775,562744844271475,8253515,562744845462933,562744845537881,562744845811788,562744852934027,562744857896527,22031,227344,562744857896527,562744853484079,562744875490017,562744852934027,
0,21815194,562744851441959,562744851441959,0,562744852601058,562744852609131,562744852613350,562744852837621,562744879856290,562744852508246,8254169,562744853889965,562744853988142,562744854249652,562744861283610,562744866272517,25000,226510,562744866272517,562744861879548,562744883734652,562744861283610,
0,21815202,562744859705461,562744859705461,0,562744860834340,562744860841527,562744860845850,562744861078663,562744888110459,562744860751735,8255397,562744862118610,562744862218142,562744862477204,562744868971163,562744874122465,25365,224948,562744874122465,562744869543610,562744892000329,562744868971163,
0,21815210,562744867975580,562744867975580,0,562744869137256,562744869144235,562744869148194,562744869366735,562744896365856,562744869055173,8254909,562744870495017,562744870587621,562744870831892,562744877034392,562744882053975,23802,207291,562744882053975,562744877541319,562744900306631,562744877034392,
0,21815218,562744876226205,562744876226205,0,562744877366683,562744877376579,562744877379756,562744877577985,562744904620765,562744877287100,8255471,562744878687100,562744878773506,562744878986892,562744885023402,562744890050590,20625,549896,562744890050590,562744886062256,562744908511788,562744885023402,
0,21815226,562744884489749,562744884489749,0,562744885515954,562744885524340,562744885527985,562744885752881,562744912876236,562744885438454,8256732,562744886915902,562744887005642,562744887261423,562744894148298,562744899166527,22657,225260,562744899166527,562744894820746,562744916723142,562744894148298,
0,21815234,562744892759329,562744892759329,0,562744893873767,562744893881006,562744893884913,562744894091319,562744921132968,562744893795433,8257588,562744895150694,562744895249444,562744895515746,562744902196475,562744907166944,26823,196719,562744907166944,562744902798663,562744924942360,562744902196475,
0,21815242,562744901025973,562744901025973,0,562744902215850,562744902221944,562744902224860,562744902418871,562744929390556,562744902144808,8258450,562744903540642,562744903643402,562744903900798,562744910686631,562744915640225,27604,286198,562744915640225,562744911338298,562744933203767,562744910686631,
0,21815257,562744909297556,562744909297556,0,562744911218402,562744911238142,562744911251683,562744911866631,562744937649006,562744910983298,8258432,562744913398402,562744913592256,562744915763715,562744920029965,562744926469027,30521,216354,562744926469027,562744920683298,562744941468090,562744920029965,
0,21815265,562744917554828,562744917554828,0,562744918437621,562744918442777,562744918445746,562744918599131,562744945907438,562744918374235,8258432,562744919361162,562744920815329,562744921083610,562744926765537,562744931341787,27240,180469,562744931341787,562744927259496,562744949799392,562744926765537,
0,21815273,562744925799169,562744925799169,0,562744926567881,562744926573975,562744926577048,562744926762360,562744954165870,562744926498923,8257310,562744927714600,562744927793090,562744928042152,562744932932777,562744937671475,22917,826406,562744937671475,562744934099600,562744958040642,562744932932777,
0,21815281,562744934045879,562744934045879,0,562744936290329,562744936297465,562744936300485,562744936493037,562744962423180,562744936197152,8256336,562744937391371,562744937474548,562744937721840,562744943143350,562744947743662,33334,185468,562744947743662,562744943627933,562744966269860,562744943143350,
0,21815289,562744942273808,562744942273808,0,562744943215746,562744943233662,562744943246371,562744943707621,562744970679516,562744943026631,8255486,562744945078715,562744945167308,562744945361579,562744950938819,562744955485017,18958,178281,562744955485017,562744951473715,562744974559183,562744950938819,
0,21815297,562744950529294,562744950529294,0,562744951917517,562744951938037,562744951951683,562744952368610,562744978935002,562744951695277,8255527,562744953330329,562744953410173,562744953598662,562744959177725,562744963955746,16666,199739,562744963955746,562744959688246,562744982809340,562744959177725,
0,21815305,562744958788684,562744958788684,0,562744959722204,562744959728037,562744959731267,562744959931683,562744987190529,562744959656683,8254914,562744961003246,562744961080017,562744961297777,562744965915381,562744971076787,19948,753645,562744971076787,562744966916996,562744991059444,562744965915381,
0,21815313,562744967039643,562744967039643,0,562744968562673,562744968569548,562744968573402,562744968772725,562744995445443,562744968483298,8254628,562744969687360,562744969794183,562744970009860,562744975919965,562744981019548,21094,570052,562744981019548,562744976970954,562744999237777,562744975919965,
0,21815321,562744975291123,562744975291123,0,562744976141579,562744976149027,562744976152048,562744976339340,562745003700071,562744976065329,8254423,562744977278871,562744977360121,562744977629548,562744982842256,562744987681735,27916,291980,562744987681735,562744983966579,562745007534027,562744982842256,
0,21815329,562744983546674,562744983546674,0,562744984709287,562744984720746,562744984723662,562744984960746,562745011954494,562744984617621,8254847,562744985894287,562744985989183,562744986200121,562744990477621,562744995208767,21406,229479,562744995208767,562744990932360,562745015781319,562744990477621,
0,21815337,562744991807947,562744991807947,0,562744993006631,562744993012881,562744993015954,562744993183610,562745020209341,562744992942673,8255081,562744993644652,562744993732933,562744993917985,562744998982985,562745003455850,19010,907552,562745003455850,562745000205277,562745023993767,562744998982985,
0,21815347,562747800114541,562747800114541,0,562747802781005,562747802805328,562747844560224,562747844723297,562747811781207,562747802508818,8333333,562747848472932,562747848551995,562747848802568,562747863138557,562747878564599,35938,323750,562747878564599,562747863918245,562747888546578,562747863138557,
0,21815354,562747823661999,562747848661998,0,562747851736161,562747851741057,562747853134026,562747853269859,562747895114537,562747851434443,8333333,562747853453661,562747864145380,562747864381474,562747866602307,562747885663505,13438,12451928,562747885663505,562747879335172,562747896820432,562747866602307,
0,21815457,562757827527518,562757827527518,0,562757828962147,562757828977460,562757865868137,562757866019751,562757844194184,562757828670012,16666666,562757871319699,562757871392980,562757871653762,562757881729126,562757899685480,39166,311458,562757899685480,562757882481730,562757906134543,562757881729126,
0,21815464,562757857943332,562757857943332,0,562757873863241,562757873865637,562757874920897,562757875044908,562757927527514,562757873794439,16666666,562757875184960,562757882655116,562757882906262,562757885477408,562757906672355,18177,14333073,562757906672355,562757900271001,562757922700168,562757885477408,
0,21815528,562767858588936,562767858588936,0,562767859651258,562767859663185,562767891139800,562767891293445,562767875255602,562767859454279,16666666,562767895213081,562767895302872,562767895537977,562767905535841,562767922491154,116927,274948,562767922491154,562767906123810,562767941591154,562767905535841,
0,21815535,562767875255602,562767891922268,0,562767898672820,562767898675945,562767900692456,562767900835685,562767941922266,562767898340268,16666666,562767900999018,562767906209175,562767906381779,562767908934591,562767928618393,12032,13674010,562767928618393,562767922845060,562767957788862,562767908934591,
0,21815591,562777882294446,562777882294446,0,562777883406827,562777883421879,562777936038442,562777936248806,562777898961112,562777883129431,16666666,562777942451410,562777942541098,562777942787973,562777953665994,562777970822660,48750,285104,562777970822660,562777954310681,562777977324639,562777953665994,
0,21815598,562777912533332,562777929199998,0,562777946081619,562777946085056,562777948614639,562777948794067,562777998961108,562777945688494,16666666,562777949002400,562777954422087,562777954599952,562777957376827,562777977533598,17656,13498333,562777977533598,562777971165733,562777993878754,562777957376827,
0,21815628,562787911657575,562787911657575,0,562787913925052,562787913937188,562787964549740,562787964753698,562787928324241,562787913695834,16666666,562787971530417,562787971615781,562787971873490,562787982029427,562787998874688,47396,292604,562787998874688,562787982697136,562788014048125,562787982029427,
0,21815635,562787948928332,562787965594998,0,562787975524115,562787975527969,562787977937656,562787978105521,562788028324237,562787975124636,16666666,562787978315521,562787982818177,562787983013021,562787985774479,562788005923854,18854,13212708,562788005923854,562787999378854,562788030241615,562787985774479,
0,21815665,562797948197602,562797948197602,0,562797949533174,562797949546715,562797989300257,562797989447549,562797964864268,562797949138069,16666666,562797993296559,562797993383278,562797993664424,562798003837496,562798020851038,49844,335261,562798020851038,562798004637496,562798033551142,562798003837496,
0,21815672,562797985194332,562797985194332,0,562797997471559,562797997473955,562797998763903,562797998932028,562798048197598,562797997396298,16666666,562797999145413,562798004741976,562798004969215,562798006918746,562798027472028,13489,14038229,562798027472028,562798021378955,562798049981142,562798006918746,
0,21815720,562807983277814,562807983277814,0,562807986743326,562807986757545,562808037496659,562808037708743,562807999944480,562807986414524,16666666,562808044771711,562808044853638,562808045078795,562808056314055,562808072509368,42604,388802,562808072509368,562808057276763,562808086063482,562808056314055,
0,21815727,562808020955332,562808037621998,0,562808048557961,562808048561607,562808050878638,562808051055670,562808099944476,562808048104680,16666666,562808051268951,562808057418795,562808057654159,562808060569628,562808076782649,22135,11963802,562808076782649,562808072864940,562808102259576,562808060569628,
0,21815805,562818013426574,562818013426574,0,562818015224468,562818015243166,562818050300822,562818050438322,562818030093240,562818014889937,16666666,562818055454103,562818055528322,562818055739520,562818066770041,562818083523062,43594,302031,562818083523062,562818067444676,562818088835145,562818066770041,
0,21815812,562818057149332,562818057149332,0,562818058360562,562818058363010,562818059525041,562818059657124,562818113426570,562818058304260,16666666,562818059814103,562818067576395,562818067814885,562818070859624,562818090148426,14531,13171198,562818090148426,562818084308374,562818105379832,562818070859624,
0,21815853,562828037894241,562828037894241,0,562828038911600,562828038926391,562828074179725,562828074335766,562828054560907,562828038644985,16666666,562828079217277,562828079313579,562828079785922,562828090091652,562828106753266,92187,312656,562828106753266,562828090800402,562828123110558,562828090091652,
0,21815860,562828074750332,562828074750332,0,562828082671860,562828082674308,562828083856547,562828083986808,562828137894237,562828082615922,16666666,562828084249777,562828090946079,562828091186756,562828093419412,562828112079620,14636,13576510,562828112079620,562828107365506,562828139243370,562828093419412,
0,21815899,562838069219628,562838069219628,0,562838071018210,562838071032273,562838106277117,562838106440919,562838085886294,562838070742481,16666666,562838111011960,562838111103054,562838111362377,562838121745710,562838138675033,48489,302604,562838138675033,562838122419669,562838158008783,562838121745710,
0,21815906,562838109944332,562838109944332,0,562838113770867,562838113773210,562838115065919,562838115187117,562838169219624,562838113712898,16666666,562838115339877,562838122543054,562838122772325,562838125978314,562838145682273,16250,12806354,562838145682273,562838139136960,562838174618367,562838125978314,
0,21815946,562848092920136,562848092920136,0,562848094262373,562848094274509,562848131591592,562848131761540,562848109586802,562848094057738,16666666,562848145813311,562848145916019,562848146212061,562848157535602,562848173461800,46823,267344,562848173461800,562848158193363,562848192682217,562848157535602,
0,21815953,562848127610332,562848144276998,0,562848150445811,562848150451071,562848153617998,562848153816748,562848192920132,562848149889092,16666666,562848154062217,562848158381696,562848158602581,562848162213727,562848180146696,17709,11513750,562848180146696,562848174118831,562848208941384,562848162213727,
0,21815984,562858126811602,562858126811602,0,562858128716640,562858128731432,562858183396015,562858183604817,562858143478268,562858128386015,16666666,562858190074973,562858190162942,562858190410078,562858197500130,562858212837473,42240,341146,562858212837473,562858198302161,562858226803463,562858197500130,
0,21815991,562858161677332,562858178343998,0,562858194789921,562858194793932,562858197445182,562858197622369,562858243478264,562858193961953,16666666,562858197846119,562858198441171,562858198615807,562858201194505,562858219537526,15886,11850313,562858219537526,562858213782213,562858243222682,562858201194505,
0,21816021,562868144187936,562868144187936,0,562868145915022,562868145929449,562868194423980,562868194596949,562868160854602,562868145637834,16666666,562868200925126,562868201004553,562868201267105,562868212650334,562868226294918,42448,276927,562868226294918,562868213303407,562868244717418,562868212650334,
0,21816028,562868179445332,562868196111998,0,562868204709032,562868204712470,562868206772105,562868206929709,562868244187932,562868204332313,16666666,562868207130074,562868213434240,562868213622938,562868216348199,562868231449449,15260,9852604,562868231449449,562868226459293,562868260756376,562868216348199,
0,21816125,562878161621608,562878161621608,0,562878165975226,562878165991841,562878204122674,562878204366528,562878178288274,562878165606216,16666666,562878208455695,562878208527882,562878208963560,562878219652153,562878237262622,72969,382396,562878237262622,562878220451060,562878245387674,562878219652153,
0,21816132,562878197090332,562878197090332,0,562878211736112,562878211738872,562878212931789,562878213060122,562878261621604,562878211676476,16666666,562878213247049,562878220570851,562878220739393,562878222918872,562878244945591,14844,14466927,562878244945591,562878237716164,562878261837518,562878222918872,
0,21816171,562888183737122,562888183737122,0,562888185161316,562888185176264,562888238336160,562888238550587,562888200403788,562888184926212,16666666,562888245500274,562888245597306,562888245845535,562888256834545,562888273449181,45677,299010,562888273449181,562888257549702,562888280159754,562888256834545,
0,21816178,562888215272666,562888248605998,0,562888249495379,562888249499337,562888251720952,562888251902045,562888300403784,562888249045535,16666666,562888252522254,562888257710535,562888257995222,562888260414702,562888279977774,22657,13141719,562888279977774,562888273861160,562888296728191,562888260414702,
0,21816217,562898213086214,562898213086214,0,562898214520375,562898214533917,562898307115479,562898307338552,562898229752880,562898214150323,16666666,562898314605583,562898314696781,562898314936521,562898325745271,562898334994594,45573,322916,562898334994594,562898326499333,562744182009236,562898325745271,
0,21816233,562898250420332,562898317086996,0,562898318671573,562898318675479,562898321032562,562898321202771,562898363086208,562898318258344,16666666,562898321409281,562898326758760,562898327052302,562898329420635,562898341345844,21094,5551771,562898341345844,562898335200687,562744190277413,562898329420635,
0,21816281,562908240268178,562908240268178,0,562908241536621,562908241549850,562908283524329,562908283708913,562908256934844,562908241300006,16666666,562908288653652,562908288743027,562908289237559,562908299496569,562908316445058,63593,431354,562908316445058,562908300429694,562744198550277,562908299496569,
0,21816288,562908268828332,562908285494998,0,562908292367506,562908292370684,562908293704069,562908293856881,562908340268174,562908291979798,16666666,562908294058809,562908300558704,562908300887350,562908303131934,562908323996152,13750,13405260,562908323996152,562908316811308,562744206766996,562908303131934,
---PROFILEDATA---


View hierarchy:

  com.paifa.ubikitouch/com.paifa.ubikitouch.app.MainActivity/android.view.ViewRootImpl@416ec7e
  10 views, 19.06 kB of render nodes

  /android.view.ViewRootImpl@6c7dce7
  9 views, 18.43 kB of render nodes


Total ViewRootImpl   : 2
Total attached Views : 19
Total RenderNode     : 37.49 kB (used) / 81.13 kB (capacity)

