Applications Graphics Acceleration Info:
Uptime: 552589497 Realtime: 600114575

** Graphics info for pid 26758 [com.paifa.ubikitouch] **

Stats since: 552583472465560ns
Total frames rendered: 535
Janky frames: 103 (19.25%)
Janky frames (legacy): 521 (97.38%)
50th percentile: 20ms
90th percentile: 29ms
95th percentile: 32ms
99th percentile: 42ms
Number Missed Vsync: 32
Number High input latency: 843
Number Slow UI thread: 102
Number Slow bitmap uploads: 0
Number Slow issue draw commands: 98
Number Frame deadline missed: 103
Number Frame deadline missed (legacy): 122
HISTOGRAM: 5ms=0 6ms=0 7ms=0 8ms=1 9ms=7 10ms=4 11ms=11 12ms=41 13ms=44 14ms=39 15ms=24 16ms=23 17ms=27 18ms=29 19ms=12 20ms=23 21ms=24 22ms=17 23ms=18 24ms=23 25ms=28 26ms=37 27ms=27 28ms=15 29ms=13 30ms=4 31ms=10 32ms=10 34ms=5 36ms=5 38ms=7 40ms=1 42ms=1 44ms=0 46ms=1 48ms=0 53ms=1 57ms=1 61ms=0 65ms=1 69ms=1 73ms=0 77ms=0 81ms=0 85ms=0 89ms=0 93ms=0 97ms=0 101ms=0 105ms=0 109ms=0 113ms=0 117ms=0 121ms=0 125ms=0 129ms=0 133ms=0 150ms=0 200ms=0 250ms=0 300ms=0 350ms=0 400ms=0 450ms=0 500ms=0 550ms=0 600ms=0 650ms=0 700ms=0 750ms=0 800ms=0 850ms=0 900ms=0 950ms=0 1000ms=0 1050ms=0 1100ms=0 1150ms=0 1200ms=0 1250ms=0 1300ms=0 1350ms=0 1400ms=0 1450ms=0 1500ms=0 1550ms=0 1600ms=0 1650ms=0 1700ms=0 1750ms=0 1800ms=0 1850ms=0 1900ms=0 1950ms=0 2000ms=0 2050ms=0 2100ms=0 2150ms=0 2200ms=0 2250ms=0 2300ms=0 2350ms=0 2400ms=0 2450ms=0 2500ms=0 2550ms=0 2600ms=0 2650ms=0 2700ms=0 2750ms=0 2800ms=0 2850ms=0 2900ms=0 2950ms=0 3000ms=0 3050ms=0 3100ms=0 3150ms=0 3200ms=0 3250ms=0 3300ms=0 3350ms=0 3400ms=0 3450ms=0 3500ms=0 3550ms=0 3600ms=0 3650ms=0 3700ms=0 3750ms=0 3800ms=0 3850ms=0 3900ms=0 3950ms=0 4000ms=0 4050ms=0 4100ms=0 4150ms=0 4200ms=0 4250ms=0 4300ms=0 4350ms=0 4400ms=0 4450ms=0 4500ms=0 4550ms=0 4600ms=0 4650ms=0 4700ms=0 4750ms=0 4800ms=0 4850ms=0 4900ms=0 4950ms=0
50th gpu percentile: 6ms
90th gpu percentile: 12ms
95th gpu percentile: 14ms
99th gpu percentile: 16ms
GPU HISTOGRAM: 1ms=0 2ms=3 3ms=53 4ms=65 5ms=95 6ms=57 7ms=49 8ms=47 9ms=30 10ms=44 11ms=28 12ms=19 13ms=16 14ms=11 15ms=6 16ms=8 17ms=3 18ms=1 19ms=0 20ms=0 21ms=0 22ms=0 23ms=0 24ms=0 25ms=0 4950ms=0

Pipeline=Skia (OpenGL)
Memory policy:
  Max surface area: 2592000
  Max resource usage: 373.25MB (x144)
  Background retention: 50% (altUiHidden = true)
  GPU Context timeout: 10
Contexts: 2 (stopped = 0)
CPU Caches:
  Glyph Cache: 547.48 KB (1 entry)
  Shadows: 8.70 KB (7 entries)
  Glyph Count: 101 
Total CPU memory usage:
  569520 bytes, 556.17 KB (0.00 bytes is purgeable)
GPU Caches:
  SW Path Mask:
    Texture: 1.36 MB (1 entry)
  Other:
    Other: 61.03 KB (1 entry)
    Buffer Object: 2.49 KB (4 entries)
    StencilAttachment: 8.00 MB (1 entry)
  Image:
    Texture: 397.82 KB (54 entries)
  Scratch:
    RenderTarget: 327.12 MB (430 entries)
    Buffer Object: 78.00 KB (2 entries)
    Texture: 8.10 MB (24 entries)
Total GPU memory usage:
  361873664 bytes, 345.11 MB (5.67 MB is purgeable)

Profile data in ms:

	com.paifa.ubikitouch/com.paifa.ubikitouch.app.MainActivity/android.view.ViewRootImpl@875f473 (visibility=0)
Window: com.paifa.ubikitouch/com.paifa.ubikitouch.app.MainActivity
Stats since: 552583471428372ns
Total frames rendered: 0
Janky frames: 0 (0.00%)
Janky frames (legacy): 0 (0.00%)
50th percentile: 4950ms
90th percentile: 4950ms
95th percentile: 4950ms
99th percentile: 4950ms
Number Missed Vsync: 0
Number High input latency: 0
Number Slow UI thread: 0
Number Slow bitmap uploads: 0
Number Slow issue draw commands: 0
Number Frame deadline missed: 0
Number Frame deadline missed (legacy): 0
HISTOGRAM: 5ms=0 6ms=0 7ms=0 8ms=0 9ms=0 10ms=0 11ms=0 12ms=0 13ms=0 14ms=0 15ms=0 16ms=0 17ms=0 18ms=0 19ms=0 20ms=0 21ms=0 22ms=0 23ms=0 24ms=0 25ms=0 26ms=0 27ms=0 28ms=0 29ms=0 30ms=0 31ms=0 32ms=0 34ms=0 36ms=0 38ms=0 40ms=0 42ms=0 44ms=0 46ms=0 48ms=0 53ms=0 57ms=0 61ms=0 65ms=0 69ms=0 73ms=0 77ms=0 81ms=0 85ms=0 89ms=0 93ms=0 97ms=0 101ms=0 105ms=0 109ms=0 113ms=0 117ms=0 121ms=0 125ms=0 129ms=0 133ms=0 150ms=0 200ms=0 250ms=0 300ms=0 350ms=0 400ms=0 450ms=0 500ms=0 550ms=0 600ms=0 650ms=0 700ms=0 750ms=0 800ms=0 850ms=0 900ms=0 950ms=0 1000ms=0 1050ms=0 1100ms=0 1150ms=0 1200ms=0 1250ms=0 1300ms=0 1350ms=0 1400ms=0 1450ms=0 1500ms=0 1550ms=0 1600ms=0 1650ms=0 1700ms=0 1750ms=0 1800ms=0 1850ms=0 1900ms=0 1950ms=0 2000ms=0 2050ms=0 2100ms=0 2150ms=0 2200ms=0 2250ms=0 2300ms=0 2350ms=0 2400ms=0 2450ms=0 2500ms=0 2550ms=0 2600ms=0 2650ms=0 2700ms=0 2750ms=0 2800ms=0 2850ms=0 2900ms=0 2950ms=0 3000ms=0 3050ms=0 3100ms=0 3150ms=0 3200ms=0 3250ms=0 3300ms=0 3350ms=0 3400ms=0 3450ms=0 3500ms=0 3550ms=0 3600ms=0 3650ms=0 3700ms=0 3750ms=0 3800ms=0 3850ms=0 3900ms=0 3950ms=0 4000ms=0 4050ms=0 4100ms=0 4150ms=0 4200ms=0 4250ms=0 4300ms=0 4350ms=0 4400ms=0 4450ms=0 4500ms=0 4550ms=0 4600ms=0 4650ms=0 4700ms=0 4750ms=0 4800ms=0 4850ms=0 4900ms=0 4950ms=0
50th gpu percentile: 4950ms
90th gpu percentile: 4950ms
95th gpu percentile: 4950ms
99th gpu percentile: 4950ms
GPU HISTOGRAM: 1ms=0 2ms=0 3ms=0 4ms=0 5ms=0 6ms=0 7ms=0 8ms=0 9ms=0 10ms=0 11ms=0 12ms=0 13ms=0 14ms=0 15ms=0 16ms=0 17ms=0 18ms=0 19ms=0 20ms=0 21ms=0 22ms=0 23ms=0 24ms=0 25ms=0 4950ms=0



---PROFILEDATA---
Flags,FrameTimelineVsyncId,IntendedVsync,Vsync,InputEventId,HandleInputStart,AnimationStart,PerformTraversalsStart,DrawStart,FrameDeadline,FrameInterval,FrameStartTime,SyncQueued,SyncStart,IssueDrawCommandsStart,SwapBuffers,FrameCompleted,DequeueBufferDuration,QueueBufferDuration,GpuCompleted,SwapBuffersCompleted,DisplayPresentTime,CommandSubmissionCompleted,
---PROFILEDATA---


	/android.view.ViewRootImpl@934d9ad (visibility=0)
Window: 
Stats since: 552583472465091ns
Total frames rendered: 535
Janky frames: 103 (19.25%)
Janky frames (legacy): 521 (97.38%)
50th percentile: 20ms
90th percentile: 29ms
95th percentile: 32ms
99th percentile: 42ms
Number Missed Vsync: 32
Number High input latency: 843
Number Slow UI thread: 102
Number Slow bitmap uploads: 0
Number Slow issue draw commands: 98
Number Frame deadline missed: 103
Number Frame deadline missed (legacy): 122
HISTOGRAM: 5ms=0 6ms=0 7ms=0 8ms=1 9ms=7 10ms=4 11ms=11 12ms=41 13ms=44 14ms=39 15ms=24 16ms=23 17ms=27 18ms=29 19ms=12 20ms=23 21ms=24 22ms=17 23ms=18 24ms=23 25ms=28 26ms=37 27ms=27 28ms=15 29ms=13 30ms=4 31ms=10 32ms=10 34ms=5 36ms=5 38ms=7 40ms=1 42ms=1 44ms=0 46ms=1 48ms=0 53ms=1 57ms=1 61ms=0 65ms=1 69ms=1 73ms=0 77ms=0 81ms=0 85ms=0 89ms=0 93ms=0 97ms=0 101ms=0 105ms=0 109ms=0 113ms=0 117ms=0 121ms=0 125ms=0 129ms=0 133ms=0 150ms=0 200ms=0 250ms=0 300ms=0 350ms=0 400ms=0 450ms=0 500ms=0 550ms=0 600ms=0 650ms=0 700ms=0 750ms=0 800ms=0 850ms=0 900ms=0 950ms=0 1000ms=0 1050ms=0 1100ms=0 1150ms=0 1200ms=0 1250ms=0 1300ms=0 1350ms=0 1400ms=0 1450ms=0 1500ms=0 1550ms=0 1600ms=0 1650ms=0 1700ms=0 1750ms=0 1800ms=0 1850ms=0 1900ms=0 1950ms=0 2000ms=0 2050ms=0 2100ms=0 2150ms=0 2200ms=0 2250ms=0 2300ms=0 2350ms=0 2400ms=0 2450ms=0 2500ms=0 2550ms=0 2600ms=0 2650ms=0 2700ms=0 2750ms=0 2800ms=0 2850ms=0 2900ms=0 2950ms=0 3000ms=0 3050ms=0 3100ms=0 3150ms=0 3200ms=0 3250ms=0 3300ms=0 3350ms=0 3400ms=0 3450ms=0 3500ms=0 3550ms=0 3600ms=0 3650ms=0 3700ms=0 3750ms=0 3800ms=0 3850ms=0 3900ms=0 3950ms=0 4000ms=0 4050ms=0 4100ms=0 4150ms=0 4200ms=0 4250ms=0 4300ms=0 4350ms=0 4400ms=0 4450ms=0 4500ms=0 4550ms=0 4600ms=0 4650ms=0 4700ms=0 4750ms=0 4800ms=0 4850ms=0 4900ms=0 4950ms=0
50th gpu percentile: 6ms
90th gpu percentile: 12ms
95th gpu percentile: 14ms
99th gpu percentile: 16ms
GPU HISTOGRAM: 1ms=0 2ms=3 3ms=53 4ms=65 5ms=95 6ms=57 7ms=49 8ms=47 9ms=30 10ms=44 11ms=28 12ms=19 13ms=16 14ms=11 15ms=6 16ms=8 17ms=3 18ms=1 19ms=0 20ms=0 21ms=0 22ms=0 23ms=0 24ms=0 25ms=0 4950ms=0



---PROFILEDATA---
Flags,FrameTimelineVsyncId,IntendedVsync,Vsync,InputEventId,HandleInputStart,AnimationStart,PerformTraversalsStart,DrawStart,FrameDeadline,FrameInterval,FrameStartTime,SyncQueued,SyncStart,IssueDrawCommandsStart,SwapBuffers,FrameCompleted,DequeueBufferDuration,QueueBufferDuration,GpuCompleted,SwapBuffersCompleted,DisplayPresentTime,CommandSubmissionCompleted,
0,21217915,552588308159668,552588316425301,0,552588317946079,552588317950454,552588323982954,552588324168839,552588328032630,552588317664204,8265633,552588327298683,552588327418474,552588327591808,552588331445089,552588336833891,23542,228594,552588336833891,552588332245506,552588348678631,552588331445089,
0,21217924,552588324691312,552588324691312,0,552588330317329,552588330321599,552588330972849,552588331064412,552588352888866,552588330258370,8265760,552588332992589,552588333043683,552588333184568,552588339849672,552588348446443,17187,247761,552588348446443,552588340448318,552588356878579,552588339849672,
0,21217931,552588332938481,552588332938481,0,552588334757329,552588334761599,552588339870506,552588340185610,552588361154626,552588334710402,8264678,552588342172329,552588342250349,552588342443214,552588347374672,552588358962797,27239,768855,552588358962797,552588348642277,552588365159256,552588347374672,
0,21217939,552588341203159,552588341203159,0,552588344991547,552588345004047,552588346394308,552588346492537,552588369419304,552588344915818,8264678,552588348608579,552588348819933,552588349058006,552588353723266,552588368914204,18282,5038229,552588368914204,552588359254672,552588373566547,552588353723266,
0,21217947,552588349523616,552588349523616,0,552588357151756,552588357155766,552588357909933,552588358044412,552588377683982,552588357105870,8267518,552588359949099,552588360090558,552588360290714,552588365361495,552588379156443,20782,3368490,552588379156443,552588369239829,552588381709308,552588365361495,
0,21217955,552588357782771,552588357782771,0,552588363622329,552588363631235,552588364794829,552588365010089,552588394260354,552588363511912,8267186,552588367346599,552588369371339,552588369578006,552588375545714,552588388437797,19010,3399480,552588388437797,552588379543735,552588389905245,552588375545714,
0,21217963,552588366024201,552588366024201,0,552588372603214,552588372608110,552588377223943,552588377394204,552588402527540,552588372518631,8265901,552588380543162,552588380649829,552588381117120,552588386807433,552588396586026,90573,1443177,552588396586026,552588388609724,552588406422849,552588386807433,
0,21217971,552588374269657,552588382534385,0,552588382969776,552588382974308,552588383933735,552588384163839,552588410793441,552588382571860,8264728,552588386586235,552588388762433,552588388982485,552588395733943,552588405592693,17656,523177,552588405592693,552588396782329,552588414701443,552588395733943,
0,21217979,552588390817850,552588390817850,0,552588391837172,552588391843735,552588395748266,552588395876339,552588419058169,552588391782016,8265892,552588398100558,552588398168631,552588398414724,552588406164985,552588416256912,22604,249843,552588416256912,552588406839933,552588422979308,552588406164985,
0,21217987,552588399083742,552588399083742,0,552588401454412,552588401459672,552588402402485,552588402558995,552588427324061,552588401393006,8265892,552588405450558,552588407053266,552588407368631,552588412578110,552588424309933,27708,3445521,552588424309933,552588416573474,552588431212537,552588412578110,
0,21217995,552588407317797,552588407317797,0,552588415604047,552588415608422,552588416575974,552588416720766,552588435589953,552588415550506,8264183,552588418978526,552588419079933,552588419322797,552588425363318,552588433351235,40417,175730,552588433351235,552588425768318,552588439478943,552588425363318,
0,21218004,552588423799040,552588423799040,0,552588424878006,552588424883891,552588428335766,552588428472954,552588443854136,552588424813110,8261707,552588431577329,552588431682433,552588431901391,552588438801547,552588444294829,32656,230417,552588444294829,552588439387745,552588456071287,552588438801547,
0,21218012,552588432046448,552588432046448,0,552588434491964,552588434496599,552588435258995,552588435398683,552588460250827,552588434430089,8260750,552588437358631,552588439540297,552588439749724,552588450890454,552588458509568,17916,297657,552588458509568,552588451607016,552588464256704,552588450890454,
0,21218019,552588440294736,552588448554819,0,552588449659099,552588449663579,552588450466079,552588450609360,552588468511577,552588449382537,8260083,552588456103110,552588456207276,552588456446495,552588463437120,552588468709829,37760,214166,552588468709829,552588464069412,552588481028058,552588463437120,
0,21218028,552588456800808,552588456800808,0,552588461983839,552588461987381,552588462590141,552588462691860,552588485001734,552588461929204,8259202,552588464556495,552588464618110,552588464823839,552588469570766,552588477520714,19583,294844,552588477520714,552588470238162,552588489124776,552588469570766,
0,21218035,552588465059858,552588465059858,0,552588465567745,552588465570662,552588466120193,552588466210610,552588493260936,552588465528422,8258806,552588468307745,552588470386860,552588470609204,552588476364568,552588484785714,19167,1002500,552588484785714,552588478053110,552588497328318,552588476364568,
0,21218043,552588473318664,552588473318664,0,552588474068266,552588474073526,552588475307537,552588475490037,552588501519742,552588473983735,8258806,552588478298735,552588478403110,552588478668995,552588486804933,552588496994204,26719,466980,552588496994204,552588487868110,552588505603110,552588486804933,
0,21218051,552588481560725,552588481560725,0,552588482641235,552588482649256,552588487133006,552588487450193,552588509778548,552588482547120,8257701,552588489817433,552588489941391,552588490336599,552588497457797,552588506531443,39948,292135,552588506531443,552588498234151,552588513809724,552588497457797,
0,21218059,552588489879384,552588489879384,0,552588491709672,552588491713943,552588496608058,552588496794047,552588518036249,552588491656131,8260702,552588500607120,552588500733787,552588500954151,552588507195506,552588516465922,28906,289271,552588516465922,552588507872901,552588522081964,552588507195506,
0,21218067,552588498147456,552588498147456,0,552588502091704,552588502096651,552588506714829,552588506849464,552588526296951,552588502047797,8261089,552588508790193,552588508894672,552588509183370,552588514702589,552588524976912,26771,1474844,552588524976912,552588516688214,552588530330662,552588514702589,
0,21218075,552588506399372,552588514659980,-49493045,552588517952016,552588519095870,552588528251912,552588528392329,552588534558040,552588517660193,8260608,552588532421599,552588532486808,552588532668006,552588536948683,552588541783891,25729,231406,552588541783891,552588537695454,552588555123110,552588536948683,
0,21218098,552588522895990,552588531155153,-734828460,552588534352901,552588535298787,552588539144516,552588539303474,552588559369078,552588534116443,8259163,552588540618266,552588540691860,552588540860506,552588545778526,552588553242901,37709,259844,552588553242901,552588546398943,552588563512745,552588545778526,
0,21218119,552588539395692,552588539395692,-788698688,552588542368318,552588543382381,552588544056079,552588544159620,552588567628241,552588542324985,8257931,552588545964151,552588546505818,552588546653214,552588551139412,552588560152224,17448,1829583,552588560152224,552588553465193,552588571667068,552588551139412,
0,21218134,552588547653623,552588555911554,-779592023,552588556968787,552588558069204,552588558440662,552588558560454,552588575886172,552588556666495,8257931,552588560522016,552588560575297,552588560732589,552588564873058,552588571113891,21406,253281,552588571113891,552588565417172,552588579888370,552588564873058,
0,21218157,552588564189249,552588564189249,-202028233,552588564924464,552588566464724,552588568474047,552588568662745,552588584144103,552588564867693,8259741,552588570533162,552588570599620,552588570804204,552588575753422,552588580362693,32969,212032,552588580362693,552588576411756,552588596464724,552588575753422,
0,21218172,552588572468809,552588572468809,-39060369,552588573101079,552588574258318,552588578301599,552588578427433,552588592403844,552588573046391,8260516,552588580786651,552588580843006,552588581024047,552588585224776,552588593288058,20677,209688,552588593288058,552588585839933,552588604699828,552588585224776,
0,21218186,552588580722360,552588580722360,-705630131,552588582497120,552588583501651,552588583935922,552588584071651,552588608917023,552588582452276,8260103,552588585749203,552588585957016,552588586161599,552588591240193,552588598984568,18334,1789739,552588598984568,552588593446026,552588613070922,552588591240193,
0,21218201,552588588982463,552588588982463,-587218597,552588594344672,552588595420870,552588595804203,552588595915453,552588617177126,552588594298578,8260103,552588597882485,552588597944985,552588598108787,552588602226703,552588609672537,28541,219687,552588609672537,552588602853318,552588621227641,552588602226703,
0,21218216,552588597249525,552588597249525,-48275260,552588599917953,552588600965141,552588602237693,552588602363735,552588625437229,552588599868787,8261044,552588604750662,552588604829828,552588605020401,552588609385453,552588617790870,24948,268958,552588617790870,552588610049412,552588629546443,552588609385453,
0,21218231,552588605514795,552588605514795,-972753447,552588606165974,552588607812485,552588611304412,552588611452849,552588633698273,552588606100401,8261392,552588612726287,552588612797016,552588613097537,552588618313162,552588625849151,29011,188334,552588625849151,552588618862276,552588637770818,552588618313162,
0,21218246,552588613764413,552588613764413,-375306270,552588615078006,552588616905141,552588617609203,552588617776235,552588641959665,552588615021547,8260679,552588619784256,552588619842537,552588619995297,552588624550506,552588631803995,21979,971666,552588631803995,552588625999203,552588646030401,552588624550506,
0,21218261,552588622039383,552588622039383,-972322401,552588622647172,552588623920922,552588626538370,552588626697276,552588650220344,552588622568943,8261158,552588630306599,552588630412745,552588630703526,552588635348422,552588643135453,33229,272343,552588643135453,552588636246912,552588654273683,552588635348422,
0,21218276,552588630290751,552588630290751,-709375188,552588631469464,552588632802693,552588633410922,552588633628891,552588658481502,552588631434256,8260551,552588635489099,552588636403631,552588636664672,552588644169256,552588650732172,18906,195729,552588650732172,552588644735401,552588662595766,552588644169256,
0,21218291,552588638557132,552588646817885,-148809340,552588648574985,552588649693110,552588651050037,552588651179464,552588666742053,552588648271964,8260753,552588652872120,552588652937276,552588653104151,552588658011339,552588662348683,24844,239219,552588662348683,552588658708943,552588679078787,552588658011339,
0,21218314,552588655063653,552588655063653,-457226947,552588655625401,552588656662120,552588660219308,552588660359464,552588675002806,552588655578891,8259526,552588661621287,552588661708526,552588661856443,552588666088266,552588670241547,35469,175833,552588670241547,552588666637120,552588687346860,552588666088266,
0,21218328,552588663322885,552588663322885,-7270904,552588663784828,552588664806443,552588665277381,552588665375193,552588683262332,552588663747276,8259594,552588667023891,552588667078162,552588667244516,552588670949151,552588676888683,21354,184739,552588676888683,552588671392120,552588695613474,552588670949151,
0,21218343,552588671582479,552588671582479,-925040661,552588672214776,552588673334620,552588673809047,552588673923943,552588691521926,552588672162172,8259594,552588675712433,552588675801183,552588676058787,552588679826964,552588685618631,30365,167917,552588685618631,552588680310610,552588703844412,552588679826964,
0,21218358,552588679844268,552588679844268,-129992,552588680662381,552588681917485,552588685060766,552588685192745,552588699781520,552588680593683,8259388,552588688224047,552588688340610,552588688539620,552588692880974,552588698045193,27760,223385,552588698045193,552588693473683,552588712197224,552588692880974,
0,21218373,552588688133896,552588688133896,-115658495,552588689255714,552588690376026,552588693609516,552588693742381,552588708040908,552588689214620,8261894,552588694790297,552588694854620,552588695007745,552588699247797,552588704391703,24843,173385,552588704391703,552588699761651,552588720389412,552588699247797,
0,21218388,552588696404594,552588704667268,-988467093,552588706730141,552588707667381,552588707998787,552588708154776,552588716302802,552588706447172,8262674,552588709856339,552588709926131,552588710082745,552588713757537,552588719164672,26927,165313,552588719164672,552588714173214,552588728648110,552588713757537,
0,21218411,552588712928628,552588712928628,-944321528,552588715023735,552588716910141,552588717425453,552588717571547,552588732859282,552588714944672,8262860,552588719533683,552588719594933,552588719763474,552588724615870,552588728839360,29428,236406,552588728839360,552588725231703,552588745203162,552588724615870,
0,21218426,552588721200668,552588721200668,-308771453,552588721741860,552588722908995,552588724637537,552588724792328,552588741122142,552588721694933,8263215,552588726514672,552588726585818,552588726921912,552588732628787,552588734947433,24219,222552,552588734947433,552588733225714,552588753488006,552588732628787,
0,21218440,552588729456995,552588729456995,-920522036,552588730233683,552588731666860,552588735957433,552588736153787,552588749385357,552588730168526,8262775,552588737432068,552588737526860,552588737689776,552588743222589,552588746850974,23333,249896,552588746850974,552588743996026,552588761721703,552588743222589,
0,21218455,552588737719770,552588737719770,-338680838,552588739867224,552588741169412,552588741806078,552588741925610,552588757648132,552588739801339,8262775,552588744626391,552588744692849,552588744860922,552588747474620,552588751263058,21823,148750,552588751263058,552588747840818,552588769986443,552588747474620,
0,21218470,552588745971221,552588745971221,-287943180,552588746539724,552588748216391,552588750865506,552588751035453,552588765910907,552588746483214,8262002,552588753246131,552588753318995,552588753552537,552588756113683,552588759230037,24010,272708,552588759230037,552588756783839,552588778235453,552588756113683,
0,21218485,552588754231881,552588754231881,-851314400,552588755545714,552588756959360,552588757517537,552588757671547,552588774172909,552588755490766,8261736,552588759744464,552588759794724,552588759917693,552588762197641,552588766196599,17761,153021,552588766196599,552588762565662,552588786474203,552588762197641,
0,21218500,552588762517706,552588762517706,-270635994,552588763376391,552588764652433,552588765126287,552588765254256,552588782434645,552588763322328,8263485,552588767050401,552588767109308,552588767303735,552588771144047,552588775369360,26927,187813,552588775369360,552588771645141,552588794740558,552588771144047,
0,21218523,552588779035439,552588779035439,0,552588779478006,552588779481964,552588780270610,552588780390922,552588790702105,552588779433578,8262749,552588782099203,552588782171912,552588782357537,552588785462953,552588788709099,23177,258281,552588788709099,552588786051547,552588803012380,552588785462953,
0,21218531,552588787295152,552588787295152,0,552588787912276,552588787920558,552588789164724,552588789346808,552588798961818,552588787839620,8262575,552588791494516,552588791583266,552588791743006,552588795192745,552588799661078,39635,231615,552588799661078,552588795762276,552588811264516,552588795192745,
0,21218539,552588795545595,552588795545595,0,552588796454047,552588796457849,552588797453214,552588797602901,552588815486968,552588796390766,8261749,552588799437589,552588799502953,552588799724880,552588803722120,552588808036183,28125,319115,552588808036183,552588804413526,552588819535766,552588803722120,
0,21218547,552588803812901,552588803812901,0,552588804681599,552588804688839,552588809571912,552588809730141,552588823748717,552588804595297,8262441,552588812491912,552588812571547,552588812741755,552588815945401,552588818410818,23489,215990,552588818410818,552588816581703,552588836121808,552588815945401,
0,21218555,552588812068819,552588812068819,0,552588813610922,552588813614360,552588814344151,552588814449933,552588832011158,552588813565610,8261948,552588815987797,552588816677276,552588816875453,552588819291026,552588821689412,17240,181250,552588821689412,552588819700714,552588844366808,552588819291026,
0,21218562,552588820330566,552588820330566,0,552588828442901,552588828446026,552588829038683,552588829144255,552588840273106,552588828378214,8262091,552588830816599,552588830877641,552588831040349,552588835707328,552588838202589,23334,355364,552588838202589,552588836363058,552588852615558,552588835707328,
0,21218571,552588836851483,552588836851483,0,552588837428058,552588837432380,552588838154672,552588838275922,552588848518149,552588837377849,8261879,552588840049099,552588840099933,552588840259047,552588843298891,552588846246078,21094,279218,552588846246078,552588843875662,552588860863526,552588843298891,
0,21218579,552588845125247,552588845125247,0,552588845793214,552588845799360,552588848096078,552588848251860,552588856791913,552588845724985,8262444,552588850239568,552588850318005,552588850485558,552588854010610,552588857765974,25729,217344,552588857765974,552588854607276,552588869196391,552588854010610,
0,21218587,552588853390047,552588853390047,0,552588854431755,552588854438005,552588857814047,552588857930558,552588873316801,552588854357172,8262411,552588858847745,552588858962485,552588859174360,552588862704412,552588866548474,24479,327083,552588866548474,552588863429985,552588877409985,552588862704412,
0,21218595,552588861660422,552588861660422,0,552588862223422,552588862228005,552588863009412,552588863120505,552588881579212,552588862173058,8263006,552588864998110,552588865067641,552588865368839,552588868646130,552588871340870,23907,294114,552588871340870,552588869296391,552588885640141,552588868646130,
0,21218603,552588869920569,552588869920569,0,552588870596755,552588870602693,552588871407068,552588871617641,552588889842218,552588870543839,8262815,552588873414880,552588873474880,552588873634203,552588877456235,552588881546339,21146,238646,552588881546339,552588878483162,552588893915193,552588877456235,
0,21218611,552588878197958,552588878197958,0,552588878881339,552588878885610,552588879640610,552588879831808,552588898105033,552588878821912,8263587,552588881749672,552588881809776,552588881972068,552588886756495,552588890569255,24011,236980,552588890569255,552588887309985,552588902160037,552588886756495,
0,21218619,552588886462980,552588886462980,0,552588887184672,552588887189255,552588888202328,552588888473683,552588906368620,552588887132901,8263695,552588890819828,552588890894099,552588891026287,552588893807120,552588895848266,21459,243437,552588895848266,552588894390089,552588910392485,552588893807120,
0,21218627,552588894715300,552588894715300,0,552588895302693,552588895307172,552588898731755,552588898874933,552588914632315,552588895248683,8262919,552588901020662,552588901137901,552588901382797,552588905210662,552588907621755,28386,256563,552588907621755,552588905827380,552588918700558,552588905210662,
0,21218635,552588902984293,552588902984293,0,552588903551391,552588903556808,552588904620714,552588904773266,552588922895234,552588903491339,8263580,552588907100766,552588907159099,552588907326599,552588910937016,552588914587693,19688,206041,552588914587693,552588911503266,552588927055505,552588910937016,
0,21218643,552588911239275,552588911239275,0,552588911927224,552588911932797,552588912896391,552588913037849,552588931158814,552588911874776,8263070,552588915137433,552588915207276,552588915379724,552588919696339,552588923610558,23959,242239,552588923610558,552588920278110,552588935202797,552588919696339,
0,21218651,552588919486579,552588919486579,0,552588920279047,552588920291183,552588922814099,552588922992380,552588939421884,552588920199099,8262098,552588925180505,552588925269776,552588925427016,552588928273943,552588932282745,22864,184219,552588932282745,552588928744568,552588943471443,552588928273943,
0,21218659,552588927749780,552588927749780,0,552588928429047,552588928435974,552588932972224,552588933124412,552588947683982,552588928360245,8262201,552588934460974,552588934569620,552588934794933,552588940591964,552588942559568,32708,230938,552588942559568,552588941171130,552588959988630,552588940591964,
0,21218667,552588936037883,552588936037883,0,552588937520089,552588937525558,552588938541547,552588938676495,552588955946183,552588937459203,8263844,552588942304985,552588942401651,552588942639360,552588945229985,552588947424828,26615,146718,552588947424828,552588945635922,552588968254255,552588945229985,
0,21218674,552588944294203,552588944294203,0,552588944990610,552588944997172,552588945911860,552588946057276,552588964210027,552588944933839,8263516,552588948355037,552588948440297,552588948625505,552588953311755,552588956931703,26666,174740,552588956931703,552588953783058,552588976521287,552588953311755,
0,21218682,552588952557719,552588952557719,0,552588953266651,552588953271287,552588954246808,552588954471130,552588972473543,552588953213005,8263516,552588956499985,552588956583526,552588956810505,552588960551808,552588964169724,20312,165937,552588964169724,552588961001599,552588984791391,552588960551808,
0,21218690,552588960816248,552588960816248,0,552588961503943,552588961509412,552588962294620,552588962429828,552588980737059,552588961435089,8263344,552588964403005,552588964485610,552588964635870,552588968048995,552588969999828,21771,271354,552588969999828,552588968589620,552588993073005,552588968048995,
0,21218698,552588969070443,552588969070443,0,552588969704828,552588969708787,552588970465766,552588970604516,552588989000403,552588969654620,8262859,552588972626912,552588972690141,552588972862693,552588977735662,552588981794412,22500,203750,552588981794412,552588978262276,552589001314255,552588977735662,
0,21218706,552588977322268,552588977322268,0,552588978228474,552588978235662,552588979468005,552588979637641,552588997263262,552588978133839,8262113,552588982180714,552588982267328,552588982429672,552588986279985,552588988712068,26615,188230,552588988712068,552588986742172,552589009618162,552588986279985,
0,21218714,552588985575987,552588985575987,0,552588986340193,552588986346703,552588987796860,552588987999568,552589005525375,552588986263683,8261485,552588990928422,552588991105818,552588991732641,552588994529776,552588998751235,24323,168020,552588998751235,552588994981078,552589017862380,552588994529776,
0,21218722,552588993833015,552589002094099,-103241240,552589004535401,552589005954360,552589009584151,552589009818630,552589013786860,552589003971547,8261084,552589011965141,552589012168995,552589012459880,552589015456078,552589018142953,43073,522917,552589018142953,552589016318578,552589034356860,552589015456078,
0,21218745,552589010347906,552589010347906,-622077701,552589013874412,552589015600193,552589016833318,552589016966651,552589030282933,552589013795193,8260222,552589018705610,552589018768891,552589018947693,552589022518005,552589024974412,24896,306823,552589024974412,552589023270453,552589042658943,552589022518005,
0,21218759,552589018623212,552589018623212,-347918108,552589023774203,552589025073787,552589025461807,552589025578839,552589038543155,552589023715245,8261176,552589027661912,552589027747432,552589027931860,552589031547068,552589035156130,30000,319895,552589035156130,552589032190453,552589050864620,552589031547068,
0,21218789,552589035153160,552589035153160,-207452800,552589035798735,552589037356287,552589040597432,552589040765922,552589046819826,552589035745766,8261643,552589045736287,552589045828526,552589046019464,552589049351443,552589051888787,50885,287083,552589051888787,552589050032589,552589067403943,552589049351443,
0,21218804,552589043412410,552589043412410,-395231881,552589046711599,552589047968891,552589050794255,552589050956495,552589071604755,552589046673110,8261533,552589052591912,552589052648839,552589052816807,552589055795766,552589058179464,22604,190209,552589058179464,552589056384985,552589075754568,552589055795766,
0,21218818,552589051680126,552589051680126,-945910151,552589057570349,552589058562016,552589058905297,552589059003995,552589079866288,552589057520141,8261808,552589060600870,552589060675193,552589060823422,552589064144360,552589068101130,24219,203959,552589068101130,552589064680974,552589083915557,552589064144360,
0,21218848,552589068206116,552589068206116,-814299360,552589069077380,552589071098526,552589072133318,552589072306755,552589088128096,552589069002328,8262248,552589074919985,552589075165453,552589075410141,552589079732068,552589083344880,47344,313750,552589083344880,552589080520505,552589100527537,552589079732068,
0,21218863,552589076467823,552589076467823,-578088645,552589077189776,552589079018318,552589079693526,552589079880714,552589096390344,552589077134255,8262334,552589082428787,552589082494151,552589082662068,552589086113005,552589089026599,20938,192916,552589089026599,552589086848891,552589108715401,552589086113005,
0,21218877,552589084747632,552589084747632,-892784730,552589085557276,552589087054151,552589089775141,552589089943214,552589104652678,552589085505401,8263201,552589094887016,552589094980870,552589095192485,552589104588526,552589109076807,34167,309271,552589109076807,552589105216495,552589125307745,552589104588526,
0,21218892,552589093010833,552589093010833,-81968330,552589096809360,552589098173266,552589098662589,552589098799464,552589121203901,552589096757328,8263201,552589100923891,552589105390245,552589105569464,552589108349724,552589111677120,17917,589323,552589111677120,552589109277276,552589133502172,552589108349724,
0,21218907,552589101264930,552589101264930,-123628905,552589109360141,552589110660714,552589111043422,552589111140505,552589129467102,552589109274724,8262807,552589112593214,552589112642589,552589112784776,552589116070141,552589121795557,21041,222604,552589121795557,552589116551026,552589141864568,552589116070141,
0,21218929,552589117802897,552589117802897,-405320182,552589118407849,552589119602016,552589120072641,552589120199047,552589137729909,552589118353526,8263352,552589121960141,552589122018735,552589122152432,552589127694151,552589132547537,21771,204063,552589132547537,552589128155505,552589150099047,552589127694151,
0,21218944,552589126051507,552589126051507,-830000281,552589127059464,552589128705245,552589132789620,552589132982485,552589145993261,552589126989307,8262475,552589134651235,552589134798422,552589135040870,552589139488682,552589146013943,28281,377500,552589146013943,552589140582745,552589158348162,552589139488682,
0,21218959,552589134325099,552589134325099,-26397582,552589136776391,552589138385245,552589138908214,552589139021443,552589162505598,552589136711235,8263005,552589141001807,552589141104255,552589141396443,552589146136860,552589155670245,20469,214323,552589155670245,552589146727016,552589166663995,552589146136860,
0,21218974,552589142593804,552589142593804,-183343101,552589144241026,552589145970714,552589146674985,552589146850141,552589170768603,552589144187380,8263742,552589149047432,552589149270453,552589149691964,552589153657693,552589160900610,52812,1757760,552589160900610,552589155846495,552589174855349,552589153657693,
0,21218989,552589150871358,552589150871358,-600726146,552589151425193,552589152707537,552589153148162,552589153274307,552589179032345,552589151377797,8264384,552589154945453,552589156047016,552589156256130,552589159899724,552589166332380,33385,775729,552589166332380,552589161142485,552589183085766,552589159899724,
0,21219004,552589159140965,552589159140965,-574110848,552589159966547,552589161553474,552589162109099,552589162258787,552589187296729,552589159902172,8264655,552589164509255,552589164600401,552589164831287,552589169577276,552589176875662,44844,216927,552589176875662,552589170151130,552589191364360,552589169577276,
0,21219019,552589167405017,552589167405017,-949415737,552589169057849,552589170695037,552589171380141,552589171583057,552589195561384,552589168988943,8264592,552589174501026,552589174604099,552589174817589,552589177926287,552589184674672,33646,210833,552589184674672,552589178440557,552589199607485,552589177926287,
0,21219034,552589175680128,552589175680128,-305966550,552589177446130,552589179008526,552589179602693,552589179770974,552589203825976,552589177389828,8265077,552589182124099,552589182239412,552589182421287,552589185796547,552589193105610,52240,180000,552589193105610,552589186246287,552589207870349,552589185796547,
0,21219049,552589183938736,552589183938736,-884187031,552589184970557,552589186653057,552589187300714,552589187497641,552589212091053,552589184877172,8264746,552589190311235,552589190398735,552589190602328,552589195121443,552589202298943,34479,351875,552589202298943,552589195999412,552589216186235,552589195121443,
0,21219064,552589192191354,552589192191354,-207669353,552589193529828,552589195232172,552589196075089,552589196252745,552589220355799,552589193462068,8264142,552589198639880,552589198761755,552589199067641,552589202402432,552589210276807,52031,247396,552589210276807,552589203065818,552589224785714,552589202402432,
0,21219079,552589200450193,552589200450193,-229140405,552589201253266,552589203062276,552589206609464,552589206898422,552589228619941,552589201188578,8263948,552589213345453,552589213447172,552589213667901,552589219132901,552589229887224,35261,325156,552589229887224,552589219860714,552589232619307,552589219132901,
0,21219094,552589208702301,552589208702301,-1069309097,552589214239568,552589215451755,552589215980870,552589216274151,552589245172651,552589214193682,8263286,552589218777797,552589220101339,552589220296130,552589230079151,552589237822380,17239,190729,552589237822380,552589230593110,552589249216807,552589230079151,
0,21219109,552589216960565,552589225223735,-332368470,552589233529776,552589235509828,552589236074985,552589236206234,552589253435937,552589233264776,8263170,552589238048995,552589238147745,552589238339464,552589244287016,552589250978370,27760,442761,552589250978370,552589245118891,552589265705922,552589244287016,
0,21219139,552589241829452,552589241829452,-664572179,552589243898839,552589245178734,552589249603734,552589249730141,552589261699107,552589243845453,8267130,552589252668891,552589252748682,552589252906859,552589257977589,552589268147276,28490,300104,552589268147276,552589258699203,552589273940401,552589257977589,
0,21219153,552589250071810,552589250071810,-556487551,552589254432901,552589255522380,552589256134568,552589256251703,552589286564638,552589254380766,8266094,552589258003995,552589258827537,552589259035037,552589263928005,552589277899412,18906,3978281,552589277899412,552589268434203,552589282226859,552589263928005,
0,21219176,552589266584701,552589266584701,0,552589271417901,552589271421964,552589272307276,552589272433995,552589294830732,552589271377901,8264984,552589274448943,552589274533214,552589274788005,552589280164776,552589286744047,30416,344583,552589286744047,552589281021964,552589298741443,552589280164776,
0,21219184,552589274822420,552589274822420,0,552589277423787,552589277427589,552589278600557,552589278733995,552589303095716,552589277355714,8263426,552589280871078,552589281190401,552589281495245,552589287052641,552589297501495,21563,255000,552589297501495,552589287753526,552589307015037,552589287052641,
0,21219191,552589283069988,552589291332829,0,552589292981287,552589292985766,552589293719880,552589293855141,552589311359142,552589292687224,8262841,552589297051391,552589297146859,552589297368474,552589302954047,552589309380141,29896,232604,552589309380141,552589303525662,552589323525349,552589302954047,
0,21219200,552589299569372,552589299569372,0,552589302514307,552589302518109,552589305608995,552589305722328,552589319621983,552589302461599,8261213,552589308223630,552589308296964,552589308483162,552589315960609,552589326266443,20156,255833,552589326266443,552589316677953,552589331789203,552589315960609,
0,21219207,552589307820313,552589307820313,0,552589309219828,552589309222537,552589311930401,552589312090141,552589344280890,552589309187172,8260745,552589313811755,552589316786755,552589316988266,552589321433995,552589336524724,18073,4511302,552589336524724,552589326418318,552589340221964,552589321433995,
0,21219215,552589316081058,552589316081058,0,552589319371078,552589319374932,552589320305557,552589320420245,552589352541635,552589319307380,8260745,552589322328526,552589326547224,552589326734776,552589331865037,552589347115193,12240,4397604,552589347115193,552589336748057,552589348307901,552589331865037,
0,21219223,552589324323654,552589324323654,0,552589327944516,552589327950349,552589329678057,552589329979203,552589360802380,552589327884776,8259544,552589332390505,552589336933214,552589337237693,552589344176339,552589356479151,31250,2668906,552589356479151,552589347331234,552589364832432,552589344176339,
0,21219231,552589332576581,552589332576581,0,552589338677432,552589338682484,552589339796964,552589339981964,552589369061924,552589338610870,8259181,552589343569359,552589347510766,552589347751078,552589362217120,552589369247328,18698,238438,552589369247328,552589366828370,552589381348057,552589362217120,
0,21219239,552589340822416,552589349080583,0,552589353550818,552589353555766,552589363441339,552589363650141,552589385539152,552589353235818,8258167,552589366456234,552589366905193,552589367055349,552589370458891,552589380785870,12813,148958,552589380785870,552589370881859,552589389603682,552589370458891,
0,21219247,552589357384890,552589365645264,0,552589370115662,552589370121026,552589373362745,552589373476287,552589393797319,552589369769828,8260374,552589374993422,552589375146130,552589375297016,552589380606807,552589391653839,20469,266459,552589391653839,552589381311130,552589397937120,552589380606807,
0,21219255,552589373897315,552589373897315,0,552589378683943,552589378688370,552589379462953,552589379563370,552589402057693,552589378607745,8260024,552589381625141,552589381682172,552589381846339,552589386222745,552589400357016,15937,5243906,552589400357016,552589391920089,552589406215505,552589386222745,
0,21219263,552589382149793,552589382149793,0,552589387870505,552589387878474,552589388690453,552589388788526,552589410317717,552589387828630,8259646,552589390492849,552589392036339,552589392191651,552589400843474,552589410653682,13645,256302,552589410653682,552589401461182,552589414431443,552589400843474,
0,21219271,552589390409708,552589390409708,0,552589394628787,552589394632589,552589397302953,552589397408734,552589426855043,552589394584151,8259852,552589400745974,552589401597953,552589401844932,552589411888162,552589419617641,17865,372656,552589419617641,552589412924724,552589430919307,552589411888162,
0,21219279,552589398660844,552589398660844,0,552589402893891,552589402897484,552589403858787,552589404163005,552589435114895,552589402848891,8259368,552589406451495,552589413199099,552589413567849,552589420235037,552589429850766,16510,242292,552589429850766,552589420883630,552589439256859,552589420235037,
0,21219287,552589406925619,552589415184988,0,552589415741547,552589415746547,552589417341859,552589417655714,552589443374263,552589415339516,8259369,552589422711339,552589422839776,552589423135766,552589428170818,552589439364620,22188,1483073,552589439364620,552589429972276,552589447494828,552589428170818,
0,21219295,552589423454310,552589431713939,0,552589435041026,552589435045974,552589436108005,552589436280609,552589451633632,552589434692849,8259629,552589442356964,552589442485349,552589442771182,552589447025141,552589452217693,28854,228229,552589452217693,552589447791964,552589464181859,552589447025141,
0,21219304,552589439956704,552589439956704,0,552589448163214,552589448166964,552589448850766,552589448966807,552589468159492,552589448102276,8258302,552589450816287,552589450875349,552589451050714,552589455621599,552589463642224,40313,422240,552589463642224,552589456422380,552589472240766,552589455621599,
0,21219312,552589456487108,552589456487108,0,552589457153630,552589457159672,552589457979932,552589458132953,552589476417794,552589457089307,8258812,552589461247484,552589461335141,552589461597589,552589469931391,552589475572276,32812,217343,552589475572276,552589470550349,552589488759099,552589469931391,
0,21219320,552589464806672,552589464806672,0,552589465616964,552589465623891,552589470929932,552589471186182,552589484676606,552589465547953,8263142,552589475838578,552589475956130,552589476347016,552589482269047,552589491393474,29792,310260,552589491393474,552589482959672,552588299078579,552589482269047,
0,21219327,552589473103014,552589473103014,0,552589477671651,552589477678057,552589485875870,552589486112484,552589509525906,552589477597328,8264535,552589488926339,552589489065557,552589489334099,552589494916755,552589500425193,36666,214792,552589500425193,552589495592484,552588307350766,552589494916755,
0,21219335,552589481367549,552589489632084,0,552589493581130,552589493586443,552589494479672,552589494600974,552589517790441,552589493218266,8264535,552589496705245,552589496774464,552589496928839,552589501466026,552589508137172,19896,188073,552589508137172,552589502003474,552588323835349,552589501466026,
0,21219344,552589497873558,552589497873558,0,552589498585661,552589498588995,552589499192016,552589499338161,552589509540224,552589498543422,8263796,552589501282693,552589502113682,552589502343318,552589508641599,552588317819308,19375,289531,552588317819308,552589509334099,552588332347589,552589508641599,
---PROFILEDATA---


View hierarchy:

  com.paifa.ubikitouch/com.paifa.ubikitouch.app.MainActivity/android.view.ViewRootImpl@875f473
  10 views, 19.06 kB of render nodes

  /android.view.ViewRootImpl@934d9ad
  3 views, 4.34 kB of render nodes


Total ViewRootImpl   : 2
Total attached Views : 13
Total RenderNode     : 23.40 kB (used) / 67.04 kB (capacity)

