Applications Graphics Acceleration Info:
Uptime: 553360619 Realtime: 600885698

** Graphics info for pid 31119 [com.paifa.ubikitouch] **

Stats since: 553354733142765ns
Total frames rendered: 558
Janky frames: 96 (17.20%)
Janky frames (legacy): 149 (26.70%)
50th percentile: 19ms
90th percentile: 27ms
95th percentile: 30ms
99th percentile: 36ms
Number Missed Vsync: 19
Number High input latency: 1018
Number Slow UI thread: 88
Number Slow bitmap uploads: 0
Number Slow issue draw commands: 94
Number Frame deadline missed: 96
Number Frame deadline missed (legacy): 2
HISTOGRAM: 5ms=0 6ms=0 7ms=0 8ms=0 9ms=9 10ms=5 11ms=11 12ms=25 13ms=50 14ms=55 15ms=32 16ms=28 17ms=35 18ms=23 19ms=12 20ms=31 21ms=39 22ms=35 23ms=19 24ms=19 25ms=35 26ms=24 27ms=21 28ms=9 29ms=13 30ms=5 31ms=4 32ms=3 34ms=8 36ms=3 38ms=2 40ms=1 42ms=0 44ms=0 46ms=0 48ms=0 53ms=0 57ms=0 61ms=0 65ms=0 69ms=1 73ms=0 77ms=1 81ms=0 85ms=0 89ms=0 93ms=0 97ms=0 101ms=0 105ms=0 109ms=0 113ms=0 117ms=0 121ms=0 125ms=0 129ms=0 133ms=0 150ms=0 200ms=0 250ms=0 300ms=0 350ms=0 400ms=0 450ms=0 500ms=0 550ms=0 600ms=0 650ms=0 700ms=0 750ms=0 800ms=0 850ms=0 900ms=0 950ms=0 1000ms=0 1050ms=0 1100ms=0 1150ms=0 1200ms=0 1250ms=0 1300ms=0 1350ms=0 1400ms=0 1450ms=0 1500ms=0 1550ms=0 1600ms=0 1650ms=0 1700ms=0 1750ms=0 1800ms=0 1850ms=0 1900ms=0 1950ms=0 2000ms=0 2050ms=0 2100ms=0 2150ms=0 2200ms=0 2250ms=0 2300ms=0 2350ms=0 2400ms=0 2450ms=0 2500ms=0 2550ms=0 2600ms=0 2650ms=0 2700ms=0 2750ms=0 2800ms=0 2850ms=0 2900ms=0 2950ms=0 3000ms=0 3050ms=0 3100ms=0 3150ms=0 3200ms=0 3250ms=0 3300ms=0 3350ms=0 3400ms=0 3450ms=0 3500ms=0 3550ms=0 3600ms=0 3650ms=0 3700ms=0 3750ms=0 3800ms=0 3850ms=0 3900ms=0 3950ms=0 4000ms=0 4050ms=0 4100ms=0 4150ms=0 4200ms=0 4250ms=0 4300ms=0 4350ms=0 4400ms=0 4450ms=0 4500ms=0 4550ms=0 4600ms=0 4650ms=0 4700ms=0 4750ms=0 4800ms=0 4850ms=0 4900ms=0 4950ms=0
50th gpu percentile: 7ms
90th gpu percentile: 11ms
95th gpu percentile: 13ms
99th gpu percentile: 16ms
GPU HISTOGRAM: 1ms=0 2ms=0 3ms=44 4ms=47 5ms=93 6ms=93 7ms=62 8ms=55 9ms=39 10ms=47 11ms=29 12ms=17 13ms=17 14ms=4 15ms=4 16ms=4 17ms=0 18ms=2 19ms=1 20ms=0 21ms=0 22ms=0 23ms=0 24ms=0 25ms=0 4950ms=0

Pipeline=Skia (OpenGL)
Memory policy:
  Max surface area: 2592000
  Max resource usage: 373.25MB (x144)
  Background retention: 50% (altUiHidden = true)
  GPU Context timeout: 10
Contexts: 2 (stopped = 0)
CPU Caches:
  Glyph Cache: 549.77 KB (1 entry)
  Shadows: 8.70 KB (7 entries)
  Glyph Count: 101 
Total CPU memory usage:
  571870 bytes, 558.47 KB (0.00 bytes is purgeable)
GPU Caches:
  SW Path Mask:
    Texture: 1.45 MB (3 entries)
  Other:
    Other: 62.48 KB (1 entry)
    Buffer Object: 2.49 KB (4 entries)
    StencilAttachment: 8.00 MB (1 entry)
  Image:
    Texture: 406.33 KB (55 entries)
  Scratch:
    RenderTarget: 327.89 MB (398 entries)
    Buffer Object: 78.00 KB (2 entries)
    Texture: 8.23 MB (30 entries)
Total GPU memory usage:
  362926272 bytes, 346.11 MB (5.93 MB is purgeable)

Profile data in ms:

	com.paifa.ubikitouch/com.paifa.ubikitouch.app.MainActivity/android.view.ViewRootImpl@242e483 (visibility=0)
Window: com.paifa.ubikitouch/com.paifa.ubikitouch.app.MainActivity
Stats since: 553354732300370ns
Total frames rendered: 0
Janky frames: 0 (0.00%)
Janky frames (legacy): 0 (0.00%)
50th percentile: 4950ms
90th percentile: 4950ms
95th percentile: 4950ms
99th percentile: 4950ms
Number Missed Vsync: 0
Number High input latency: 0
Number Slow UI thread: 0
Number Slow bitmap uploads: 0
Number Slow issue draw commands: 0
Number Frame deadline missed: 0
Number Frame deadline missed (legacy): 0
HISTOGRAM: 5ms=0 6ms=0 7ms=0 8ms=0 9ms=0 10ms=0 11ms=0 12ms=0 13ms=0 14ms=0 15ms=0 16ms=0 17ms=0 18ms=0 19ms=0 20ms=0 21ms=0 22ms=0 23ms=0 24ms=0 25ms=0 26ms=0 27ms=0 28ms=0 29ms=0 30ms=0 31ms=0 32ms=0 34ms=0 36ms=0 38ms=0 40ms=0 42ms=0 44ms=0 46ms=0 48ms=0 53ms=0 57ms=0 61ms=0 65ms=0 69ms=0 73ms=0 77ms=0 81ms=0 85ms=0 89ms=0 93ms=0 97ms=0 101ms=0 105ms=0 109ms=0 113ms=0 117ms=0 121ms=0 125ms=0 129ms=0 133ms=0 150ms=0 200ms=0 250ms=0 300ms=0 350ms=0 400ms=0 450ms=0 500ms=0 550ms=0 600ms=0 650ms=0 700ms=0 750ms=0 800ms=0 850ms=0 900ms=0 950ms=0 1000ms=0 1050ms=0 1100ms=0 1150ms=0 1200ms=0 1250ms=0 1300ms=0 1350ms=0 1400ms=0 1450ms=0 1500ms=0 1550ms=0 1600ms=0 1650ms=0 1700ms=0 1750ms=0 1800ms=0 1850ms=0 1900ms=0 1950ms=0 2000ms=0 2050ms=0 2100ms=0 2150ms=0 2200ms=0 2250ms=0 2300ms=0 2350ms=0 2400ms=0 2450ms=0 2500ms=0 2550ms=0 2600ms=0 2650ms=0 2700ms=0 2750ms=0 2800ms=0 2850ms=0 2900ms=0 2950ms=0 3000ms=0 3050ms=0 3100ms=0 3150ms=0 3200ms=0 3250ms=0 3300ms=0 3350ms=0 3400ms=0 3450ms=0 3500ms=0 3550ms=0 3600ms=0 3650ms=0 3700ms=0 3750ms=0 3800ms=0 3850ms=0 3900ms=0 3950ms=0 4000ms=0 4050ms=0 4100ms=0 4150ms=0 4200ms=0 4250ms=0 4300ms=0 4350ms=0 4400ms=0 4450ms=0 4500ms=0 4550ms=0 4600ms=0 4650ms=0 4700ms=0 4750ms=0 4800ms=0 4850ms=0 4900ms=0 4950ms=0
50th gpu percentile: 4950ms
90th gpu percentile: 4950ms
95th gpu percentile: 4950ms
99th gpu percentile: 4950ms
GPU HISTOGRAM: 1ms=0 2ms=0 3ms=0 4ms=0 5ms=0 6ms=0 7ms=0 8ms=0 9ms=0 10ms=0 11ms=0 12ms=0 13ms=0 14ms=0 15ms=0 16ms=0 17ms=0 18ms=0 19ms=0 20ms=0 21ms=0 22ms=0 23ms=0 24ms=0 25ms=0 4950ms=0



---PROFILEDATA---
Flags,FrameTimelineVsyncId,IntendedVsync,Vsync,InputEventId,HandleInputStart,AnimationStart,PerformTraversalsStart,DrawStart,FrameDeadline,FrameInterval,FrameStartTime,SyncQueued,SyncStart,IssueDrawCommandsStart,SwapBuffers,FrameCompleted,DequeueBufferDuration,QueueBufferDuration,GpuCompleted,SwapBuffersCompleted,DisplayPresentTime,CommandSubmissionCompleted,
---PROFILEDATA---


	/android.view.ViewRootImpl@8a82c79 (visibility=0)
Window: 
Stats since: 553354733142453ns
Total frames rendered: 558
Janky frames: 96 (17.20%)
Janky frames (legacy): 149 (26.70%)
50th percentile: 19ms
90th percentile: 27ms
95th percentile: 30ms
99th percentile: 36ms
Number Missed Vsync: 19
Number High input latency: 1018
Number Slow UI thread: 88
Number Slow bitmap uploads: 0
Number Slow issue draw commands: 94
Number Frame deadline missed: 96
Number Frame deadline missed (legacy): 2
HISTOGRAM: 5ms=0 6ms=0 7ms=0 8ms=0 9ms=9 10ms=5 11ms=11 12ms=25 13ms=50 14ms=55 15ms=32 16ms=28 17ms=35 18ms=23 19ms=12 20ms=31 21ms=39 22ms=35 23ms=19 24ms=19 25ms=35 26ms=24 27ms=21 28ms=9 29ms=13 30ms=5 31ms=4 32ms=3 34ms=8 36ms=3 38ms=2 40ms=1 42ms=0 44ms=0 46ms=0 48ms=0 53ms=0 57ms=0 61ms=0 65ms=0 69ms=1 73ms=0 77ms=1 81ms=0 85ms=0 89ms=0 93ms=0 97ms=0 101ms=0 105ms=0 109ms=0 113ms=0 117ms=0 121ms=0 125ms=0 129ms=0 133ms=0 150ms=0 200ms=0 250ms=0 300ms=0 350ms=0 400ms=0 450ms=0 500ms=0 550ms=0 600ms=0 650ms=0 700ms=0 750ms=0 800ms=0 850ms=0 900ms=0 950ms=0 1000ms=0 1050ms=0 1100ms=0 1150ms=0 1200ms=0 1250ms=0 1300ms=0 1350ms=0 1400ms=0 1450ms=0 1500ms=0 1550ms=0 1600ms=0 1650ms=0 1700ms=0 1750ms=0 1800ms=0 1850ms=0 1900ms=0 1950ms=0 2000ms=0 2050ms=0 2100ms=0 2150ms=0 2200ms=0 2250ms=0 2300ms=0 2350ms=0 2400ms=0 2450ms=0 2500ms=0 2550ms=0 2600ms=0 2650ms=0 2700ms=0 2750ms=0 2800ms=0 2850ms=0 2900ms=0 2950ms=0 3000ms=0 3050ms=0 3100ms=0 3150ms=0 3200ms=0 3250ms=0 3300ms=0 3350ms=0 3400ms=0 3450ms=0 3500ms=0 3550ms=0 3600ms=0 3650ms=0 3700ms=0 3750ms=0 3800ms=0 3850ms=0 3900ms=0 3950ms=0 4000ms=0 4050ms=0 4100ms=0 4150ms=0 4200ms=0 4250ms=0 4300ms=0 4350ms=0 4400ms=0 4450ms=0 4500ms=0 4550ms=0 4600ms=0 4650ms=0 4700ms=0 4750ms=0 4800ms=0 4850ms=0 4900ms=0 4950ms=0
50th gpu percentile: 7ms
90th gpu percentile: 11ms
95th gpu percentile: 13ms
99th gpu percentile: 16ms
GPU HISTOGRAM: 1ms=0 2ms=0 3ms=44 4ms=47 5ms=93 6ms=93 7ms=62 8ms=55 9ms=39 10ms=47 11ms=29 12ms=17 13ms=17 14ms=4 15ms=4 16ms=4 17ms=0 18ms=2 19ms=1 20ms=0 21ms=0 22ms=0 23ms=0 24ms=0 25ms=0 4950ms=0



---PROFILEDATA---
Flags,FrameTimelineVsyncId,IntendedVsync,Vsync,InputEventId,HandleInputStart,AnimationStart,PerformTraversalsStart,DrawStart,FrameDeadline,FrameInterval,FrameStartTime,SyncQueued,SyncStart,IssueDrawCommandsStart,SwapBuffers,FrameCompleted,DequeueBufferDuration,QueueBufferDuration,GpuCompleted,SwapBuffersCompleted,DisplayPresentTime,CommandSubmissionCompleted,
0,21268875,553359409679941,553359409679941,-595105356,553359410585941,553359412294378,553359413993024,553359414107816,553359429594431,553359410508337,8261109,553359415543545,553359415613753,553359415775576,553359420559691,553359431741409,51146,207656,553359431741409,553359421092503,553359441925941,553359420559691,
0,21268890,553359417941050,553359426202159,-417691743,553359427984951,553359429162868,553359431977868,553359432141201,553359446129934,553359427716826,8261109,553359434181670,553359434276409,553359434450316,553359442154587,553359447869170,24375,230417,553359447869170,553359442783441,553359458458909,553359442154587,
0,21268913,553359434440575,553359434440575,-61296661,553359434956149,553359436377139,553359439541149,553359439710941,553359462652152,553359434921774,8259704,553359441284743,553359442911357,553359443119691,553359455161514,553359462252347,16042,200313,553359462252347,553359455637712,553359474967555,553359455161514,
0,21268935,553359450953619,553359450953619,-937406473,553359456838128,553359456843024,553359457674743,553359457797243,553359470911856,553359456781097,8259614,553359459346930,553359459412816,553359459630732,553359464604899,553359476794066,28541,283386,553359476794066,553359465413128,553359483231514,553359464604899,
0,21268942,553359459215106,553359459215106,0,553359460446618,553359460449691,553359460977087,553359461076045,553359495658741,553359460409639,8259675,553359462322607,553359465581618,553359465819743,553359470714951,553359486436253,23645,5670729,553359486436253,553359476969170,553359491455628,553359470714951,
0,21268950,553359467474781,553359467474781,0,553359475138076,553359475144378,553359477964014,553359478099170,553359503918416,553359475074326,8259675,553359480234847,553359480294430,553359480437243,553359484715420,553359497303389,23125,1503385,553359497303389,553359486564534,553359499732920,553359484715420,
0,21268958,553359475730215,553359475730215,0,553359482217347,553359482221878,553359482888753,553359482984639,553359512178091,553359482168180,8259199,553359484216097,553359486700941,553359486940420,553359491437451,553359507334066,17656,5575782,553359507334066,553359497631566,553359507994847,553359491437451,
0,21268966,553359484026392,553359484026392,0,553359488167399,553359488172399,553359489099847,553359489243284,553359520437290,553359488108232,8261845,553359490946097,553359497883753,553359498250941,553359505398753,553359518281149,28542,1645521,553359518281149,553359507593545,553359524598597,553359505398753,
0,21268974,553359492280093,553359492280093,0,553359500309118,553359500318649,553359504179639,553359504358284,553359528699135,553359500228024,8261292,553359505997243,553359507774170,553359508202191,553359514062920,553359528668493,24844,3230469,553359528668493,553359518595524,553359532764482,553359514062920,
0,21268982,553359508789447,553359508789447,0,553359511168336,553359511175993,553359523646982,553359523791514,553359536960427,553359511079014,8260722,553359526770941,553359526887034,553359527142034,553359533295993,553359538649795,38073,263281,553359538649795,553359533964066,553359549340993,553359533295993,
0,21268990,553359517050169,553359525310891,0,553359531333805,553359531339378,553359532411878,553359532520836,553359553499001,553359530366149,8260722,553359533973180,553359534105993,553359534337086,553359538459170,553359548206670,17500,283178,553359548206670,553359539148076,553359557545680,553359538459170,
0,21268998,553359533578451,553359533578451,0,553359535060889,553359535064118,553359535537920,553359535625420,553359561759723,553359535021097,8260803,553359536775003,553359539277139,553359539514170,553359545158284,553359558574378,18437,2645521,553359558574378,553359548421670,553359565788701,553359545158284,
0,21269006,553359541839254,553359550100057,0,553359552719118,553359552723389,553359553345836,553359553456253,553359570020526,553359552435055,8260803,553359554910576,553359555503857,553359555723805,553359562455576,553359568046357,32865,345260,553359568046357,553359563244743,553359582369639,553359562455576,
0,21269015,553359558359304,553359558359304,0,553359559210316,553359559217920,553359562938128,553359563146670,553359578281329,553359559134378,8260728,553359565760107,553359565856409,553359566057451,553359570155316,553359578616461,19063,200625,553359578616461,553359570727347,553359590640732,553359570155316,
0,21269022,553359566613997,553359566613997,0,553359567171201,553359567176826,553359570044795,553359570139639,553359594808154,553359567111045,8260488,553359571398961,553359571460941,553359572155420,553359578118545,553359587458805,23229,323594,553359587458805,553359578712659,553359598923961,553359578118545,
0,21269030,553359574874485,553359574874485,0,553359582364170,553359582369899,553359583187399,553359583312503,553359603068642,553359582298545,8260488,553359587519482,553359587626461,553359587838493,553359596722451,553359602884795,23020,174531,553359602884795,553359597218805,553359615609014,553359596722451,
0,21269038,553359583119658,553359583119658,0,553359589950889,553359589955628,553359590564222,553359590690368,553359611329130,553359589893493,8259637,553359591989586,553359597348545,553359597579899,553359602030420,553359612180889,28334,687447,553359612180889,553359603036461,553359623720107,553359602030420,
0,21269046,553359591381332,553359591381332,0,553359599387503,553359599393649,553359600829743,553359600998909,553359627824872,553359599321097,8259579,553359603142868,553359603181618,553359603407868,553359610723076,553359621830316,19583,1294479,553359621830316,553359612394430,553359631865368,553359610723076,
0,21269053,553359599650825,553359599650825,0,553359604588284,553359604593909,553359605287451,553359605420264,553359636084451,553359604505576,8260084,553359607030993,553359612635316,553359612943441,553359622362659,553359632209482,30989,201354,553359632209482,553359622847972,553359640216357,553359622362659,
0,21269061,553359607910909,553359607910909,0,553359614165889,553359614170472,553359616758180,553359616946618,553359644344535,553359614116930,8260084,553359619639170,553359623272451,553359623813076,553359628854014,553359642683389,21563,3027500,553359642683389,553359632389222,553359648448857,553359628854014,
0,21269069,553359616172809,553359624432665,0,553359626146826,553359626154586,553359627675784,553359627911409,553359652604619,553359625552034,8259856,553359630507295,553359632550420,553359632757503,553359637547139,553359651649066,16406,4951198,553359651649066,553359642939951,553359656738128,553359637547139,
0,21269078,553359632776449,553359641040872,0,553359642111930,553359642118389,553359642966409,553359643215420,553359660864475,553359641828909,8264423,553359645108441,553359645196670,553359645471930,553359652893232,553359658529326,30000,243281,553359658529326,553359653542607,553359673179430,553359652893232,
0,21269087,553359649282503,553359649282503,-1022865596,553359653496722,553359654535993,553359658527711,553359658705784,553359669128898,553359653447503,8263632,553359659946149,553359659996618,553359660267399,553359663780003,553359672064847,25469,205052,553359672064847,553359664344274,553359681487086,553359663780003,
0,21269101,553359657533069,553359657533069,-397061245,553359660866982,553359662265472,553359663043753,553359663195107,553359685740065,553359660818180,8262853,553359665298336,553359665370889,553359665576201,553359670765003,553359680163180,37916,1017083,553359680163180,553359672191670,553359689762920,553359670765003,
0,21269116,553359665795922,553359665795922,-351269146,553359671787139,553359673061826,553359673440680,553359673566149,553359694002918,553359671730836,8262853,553359675207399,553359675277139,553359675449222,553359681297451,553359689697295,23906,269687,553359689697295,553359681949586,553359697991722,553359681297451,
0,21269146,553359682305822,553359682305822,-963000019,553359682993909,553359684978961,553359685744743,553359685907191,553359702265771,553359682942555,8262296,553359688627034,553359688714274,553359689015420,553359694913493,553359700884639,46042,329062,553359700884639,553359695720159,553359714685941,553359694913493,
0,21269161,553359690561854,553359690561854,-992001479,553359691502764,553359693315159,553359693874118,553359694019847,553359710528067,553359691450472,8262022,553359695908597,553359695980889,553359696293128,553359701317972,553359708566409,22708,223854,553359708566409,553359701891149,553359722758493,553359701317972,
0,21269175,553359698821961,553359698821961,-279813848,553359699924951,553359701613805,553359704763961,553359704960368,553359718790089,553359699856930,8261961,553359710135732,553359710223441,553359710463701,553359716446305,553359724681826,30990,243437,553359724681826,553359717127191,553359731049222,553359716446305,
0,21269190,553359707083922,553359707083922,-518714914,553359711257451,553359712566566,553359717012086,553359717244378,553359743536471,553359711220159,8261961,553359718059014,553359718113857,553359718256722,553359722697607,553359732272816,18803,1794479,553359732272816,553359724886201,553359739287920,553359722697607,
0,21269205,553359715330893,553359715330893,-664679246,553359718697451,553359719804274,553359720376305,553359720477034,553359751798432,553359718659691,8261089,553359721994482,553359725077868,553359725312138,553359729896305,553359741326774,16718,2134010,553359741326774,553359732570993,553359747561097,553359729896305,
0,21269220,553359723620243,553359723620243,-313254269,553359728771409,553359730776305,553359731740576,553359732172920,553359760059521,553359728696982,8262329,553359734463805,553359734580576,553359734917191,553359740262347,553359750092086,29011,665781,553359750092086,553359741485836,553359755825211,553359740262347,
0,21269250,553359740124678,553359748386238,-699490910,553359752171149,553359755447138,553359756776930,553359756910472,553359768321850,553359751798024,8261560,553359758281826,553359758349899,553359758519795,553359763365628,553359769154899,31042,540052,553359769154899,553359764471461,553359780620836,553359763365628,
0,21269272,553359756624034,553359756624034,0,553359762161566,553359762346201,553359762465732,553359762583128,553359784837584,553359762107086,8260232,553359762969066,553359764572763,553359764783701,553359767237138,553359771663701,17604,1695000,553359771663701,553359769272555,553359788891305,553359767237138,
0,21269286,553359764884266,553359764884266,-433979894,553359765610472,553359767670680,553359772185003,553359772425420,553359793097816,553359765551201,8260232,553359775137243,553359775279118,553359775551670,553359781164795,553359789124222,26510,282708,553359789124222,553359781917607,553359797130524,553359781164795,
0,21269301,553359773144498,553359773144498,-621999487,553359777378753,553359778907138,553359779628909,553359779756461,553359801358048,553359777322138,8260232,553359781661045,553359782056513,553359782338076,553359788670628,553359798937763,25365,369271,553359798937763,553359789493441,553359805409899,553359788670628,
0,21269316,553359781390937,553359789650255,-157679710,553359790128076,553359794038961,553359795265836,553359795433388,553359809618280,553359789787659,8259318,553359796838545,553359796919222,553359797156826,553359802464222,553359807551878,38854,175677,553359807551878,553359802996826,553359821915524,553359802464222,
0,21269339,553359797897683,553359797897683,-798673383,553359802004586,553359802987191,553359805532868,553359805656826,553359817877598,553359801934847,8258201,553359806507086,553359806589222,553359806784326,553359811265836,553359820303701,32291,252031,553359820303701,553359812103284,553359830172086,553359811265836,
0,21269353,553359806153471,553359806153471,-96191386,553359808150368,553359809175211,553359810482243,553359810589430,553359834338952,553359808098128,8257944,553359811135576,553359812299951,553359812494170,553359818748284,553359828559378,16562,1255000,553359828559378,553359820521774,553359838525888,553359818748284,
0,21269368,553359814411415,553359814411415,-937792049,553359815188961,553359816892920,553359819731253,553359819896201,553359842596896,553359815121253,8257944,553359822192086,553359822265316,553359822462816,553359829904066,553359837421722,26198,203854,553359837421722,553359830468441,553359846661253,553359829904066,
0,21269383,553359822675671,553359822675671,-1020429448,553359823194170,553359824704899,553359826769066,553359826910003,553359850854840,553359823155003,8258207,553359828511878,553359830570316,553359830762868,553359837899482,553359847499482,18281,183958,553359847499482,553359838545472,553359854963909,553359837899482,
0,21269398,553359830961077,553359830961077,-745182525,553359837747451,553359842117138,553359845652347,553359845791618,553359859113047,553359837686201,8260287,553359846644118,553359846736878,553359846922399,553359852912711,553359857650316,31771,215052,553359857650316,553359853505680,553359871494066,553359852912711,
0,21269421,553359847497250,553359847497250,-1036992083,553359848894795,553359850156670,553359850713284,553359850824013,553359867373334,553359848844534,8260949,553359852100159,553359853610263,553359853766149,553359857989222,553359863602191,15052,272605,553359863602191,553359858720107,553359879723649,553359857989222,
0,21269435,553359855749965,553359855749965,-810104088,553359856576618,553359858129638,553359858927503,553359859098805,553359875634283,553359856458336,8260679,553359861196566,553359861270628,553359861515472,553359866759691,553359877015576,35157,157396,553359877015576,553359867358545,553359887967347,553359866759691,
0,21269450,553359864010644,553359864010644,-239415335,553359864986149,553359866771566,553359869941149,553359870076357,553359892198668,553359864908284,8260679,553359872789430,553359872913076,553359873140159,553359878208180,553359886049326,71615,246458,553359886049326,553359878915316,553359896262763,553359878208180,
0,21269465,553359872270077,553359872270077,-174191648,553359873987503,553359875231201,553359878461670,553359878610576,553359900459347,553359873942659,8260610,553359879429326,553359879495420,553359879639066,553359883994743,553359893000784,19532,1709063,553359893000784,553359886234638,553359904510680,553359883994743,
0,21269480,553359880536067,553359888797067,-835187265,553359889502399,553359890544482,553359890916461,553359891018336,553359908719957,553359889232347,8261000,553359892361566,553359892421045,553359892587451,553359896411097,553359902609951,28802,163958,553359902609951,553359896884638,553359912834118,553359896411097,
0,21269503,553359897033841,553359897033841,-70545187,553359897727191,553359898894691,553359899376618,553359899497347,553359916980957,553359897678232,8259552,553359900919586,553359900989430,553359901208441,553359905630107,553359912308388,48594,244271,553359912308388,553359906218336,553359921440732,553359905630107,
0,21269518,553359905294553,553359905294553,-159290987,553359906088388,553359907931722,553359909616670,553359909812295,553359925240509,553359906024222,8259591,553359911284378,553359911436097,553359911878805,553359918650784,553359921146774,35990,254531,553359921146774,553359919329847,553359937590680,553359918650784,
0,21269540,553359921838682,553359921838682,-648923531,553359923068388,553359923073076,553359926010055,553359926167763,553359933505348,553359923023336,8261412,553359926927347,553359927003649,553359927208545,553359931122138,553359935827920,53854,210364,553359935827920,553359931780107,553359945840003,553359931122138,
0,21269548,553359930100094,553359930100094,0,553359930829274,553359930835107,553359931646878,553359931790316,553359950028172,553359930773701,8261412,553359933578753,553359933653545,553359933970263,553359937644534,553359942549586,49688,231250,553359942549586,553359938226305,553359954084222,553359937644534,
0,21269556,553359938443395,553359938443395,0,553359939134170,553359939141774,553359939928753,553359940138701,553359958289584,553359939076097,8265266,553359941763232,553359941823857,553359942082920,553359945599378,553359950397243,20781,284375,553359950397243,553359946282763,553359962354274,553359945599378,
0,21269564,553359946700698,553359946700698,0,553359947405159,553359947410472,553359948289065,553359948425472,553359966554850,553359947341409,8265046,553359949750420,553359949815003,553359950018232,553359953501670,553359958561774,26823,264010,553359958561774,553359954090315,553359970673805,553359953501670,
0,21269572,553359954952152,553359954952152,0,553359955702711,553359955709065,553359956834326,553359957022034,553359974819896,553359955635003,8264406,553359958963753,553359959031097,553359959202972,553359962871878,553359967526409,23490,295260,553359967526409,553359963498753,553359978883336,553359962871878,
0,21269580,553359963201643,553359963201643,0,553359964176722,553359964186045,553359965002659,553359965249638,553359983084302,553359963957451,8263711,553359967049534,553359967122868,553359967365680,553359971778545,553359976551826,27553,2035781,553359976551826,553359974111774,553359987148753,553359971778545,
0,21269588,553359971453796,553359971453796,0,553359972413805,553359972418857,553359973471618,553359973657868,553359991348013,553359972338753,8263151,553359975147607,553359975217086,553359975440472,553359978921513,553359983883232,22552,221979,553359983883232,553359979453857,553359995410472,553359978921513,
0,21269596,553359979720435,553359979720435,0,553359980586930,553359980592243,553359981446565,553359981587607,553359999611164,553359980522243,8263385,553359983146982,553359983211670,553359983450836,553359987170680,553359992868232,25417,320052,553359992868232,553359987889482,553360003677972,553359987170680,
0,21269604,553359987976148,553359987976148,0,553359988740472,553359988746774,553359989657868,553359989801930,553360007874549,553359988681201,8263086,553359991325628,553359991396305,553359991637190,553359995162920,553360000416722,25313,307447,553360000416722,553359995782086,553360011909378,553359995162920,
0,21269612,553359996229854,553359996229854,0,553359996849847,553359996855836,553360000954534,553360001123701,553360016137635,553359996785211,8262552,553360003796045,553360003916670,553360004368597,553360007353440,553360010467034,35937,243177,553360010467034,553360008174899,553360028446565,553360007353440,
0,21269620,553360004486310,553360004486310,0,553360005593649,553360005599118,553360006616722,553360006768805,553360024400187,553360005530576,8262260,553360008614378,553360008671409,553360008856565,553360012206618,553360015049274,20990,216510,553360015049274,553360012734065,553360036702711,553360012206618,
0,21269627,553360012741609,553360012741609,0,553360019503024,553360019506201,553360020288545,553360020429951,553360032662447,553360019453284,8261797,553360021924690,553360022011201,553360022187763,553360025742868,553360029788805,24844,206980,553360029788805,553360026236149,553360045027138,553360025742868,
0,21269635,553360021003406,553360021003406,0,553360024327451,553360024331826,553360024862555,553360024967920,553360040924244,553360024283440,8261797,553360026053909,553360026360940,553360026527086,553360032252503,553360035059638,16927,183021,553360035059638,553360032866618,553360053241253,553360032252503,
0,21269643,553360029250032,553360029250032,0,553360030123024,553360030130055,553360031142868,553360031315524,553360049186041,553360030042399,8260869,553360033210628,553360033267920,553360033418753,553360036614951,553360041208493,18020,201041,553360041208493,553360037085576,553360061591878,553360036614951,
0,21269651,553360037515469,553360037515469,0,553360038256826,553360038262399,553360039054118,553360039210420,553360057446910,553360038204482,8261438,553360040718493,553360040774274,553360040971461,553360045000263,553360049873597,18020,280313,553360049873597,553360045688857,553360069877920,553360045000263,
0,21269659,553360045760373,553360045760373,0,553360046723336,553360046730003,553360047629482,553360047781670,553360065708348,553360046649013,8260229,553360049315159,553360049378440,553360049645420,553360053431774,553360058035680,29219,249166,553360058035680,553360054035940,553360078050003,553360053431774,
0,21269667,553360054026897,553360054026897,0,553360054874326,553360054879795,553360056774222,553360056939482,553360073968577,553360054808597,8260392,553360058106305,553360058181878,553360058412555,553360063116461,553360067583232,24948,327864,553360067583232,553360063841305,553360086303597,553360063116461,
0,21269675,553360062282712,553360062282712,0,553360063266670,553360063274430,553360068158232,553360068323232,553360082228969,553360063189274,8260015,553360069285680,553360069389222,553360069591930,553360073188545,553360076503805,37343,205833,553360076503805,553360073666253,553360094538180,553360073188545,
0,21269683,553360070554719,553360070554719,0,553360075537138,553360075543024,553360076555055,553360076686149,553360090488984,553360075451982,8260332,553360078059899,553360078150836,553360078442399,553360082133128,553360084901618,37865,254532,553360084901618,553360082734899,553360102819743,553360082133128,
0,21269691,553360078827137,553360078827137,0,553360079624222,553360079627347,553360080202399,553360080364222,553360098749316,553360079583493,8260535,553360081676357,553360082854430,553360083143909,553360087442607,553360091818857,30625,192031,553360091818857,553360087943597,553360111071878,553360087442607,
0,21269699,553360087080793,553360087080793,0,553360087806878,553360087813284,553360089067503,553360089276513,553360107009851,553360087741409,8259860,553360091012920,553360091079013,553360091268440,553360095154482,553360099375888,32969,226094,553360099375888,553360095799690,553360119337815,553360095154482,
0,21269707,553360095329558,553360095329558,0,553360096381149,553360096386565,553360097216357,553360097356826,553360115269711,553360096316930,8258811,553360098861930,553360098954534,553360099137711,553360102252972,553360105373180,24948,200989,553360105373180,553360102806670,553360127585784,553360102252972,
0,21269715,553360103580843,553360103580843,0,553360104354534,553360104359743,553360105230888,553360105369795,553360123528522,553360104302295,8258241,553360107240680,553360107325211,553360107566409,553360111134638,553360113625263,24531,262188,553360113625263,553360111856670,553360135865315,553360111134638,
0,21269746,553360128410743,553360128410743,-551955849,553360129268232,553360131017868,553360133155420,553360133290628,553360140077409,553360129217659,8262820,553360134606618,553360134675940,553360134966878,553360138433232,553360141163701,46771,239063,553360141163701,553360139153701,553360152545211,553360138433232,
0,21269760,553360136662307,553360136662307,-176137450,553360137395680,553360138498649,553360139020628,553360139156618,553360156603049,553360137349222,8262071,553360140865993,553360140949065,553360141204951,553360145144378,553360149379586,26302,257240,553360149379586,553360145768545,553360160629170,553360145144378,
0,21269775,553360144924378,553360144924378,-589989467,553360146012034,553360147417763,553360147858545,553360148081409,553360164865120,553360145952972,8262071,553360150253336,553360150360888,553360150537243,553360153928232,553360158120107,29219,245677,553360158120107,553360154524326,553360169193545,553360153928232,
0,21269790,553360153180714,553360153180714,-945990659,553360153834274,553360155238284,553360156948597,553360157081670,553360173127191,553360153776774,8261658,553360159871097,553360159936513,553360160272503,553360163514065,553360167078284,26979,333177,553360167078284,553360164253857,553360177149690,553360163514065,
0,21269805,553360161486398,553360161486398,-1072534608,553360162188649,553360163458180,553360163964638,553360164150159,553360181388849,553360162143284,8264262,553360165814430,553360165883388,553360166151461,553360171555732,553360177634638,37031,5716198,553360175711878,553360177634638,553360193805472,553360171555732,
0,21269820,553360169735072,553360169735072,-237458214,553360173227867,553360174478440,553360176075055,553360176204690,553360189653111,553360173169222,8263427,553360177441357,553360177719847,553360177910784,553360180543649,553360183363701,15729,166875,553360183363701,553360181031097,553360201958284,553360180543649,
0,21269834,553360178059834,553360178059834,-649755957,553360179588336,553360181045940,553360181604013,553360181727086,553360197916538,553360179533545,8266797,553360183038961,553360183108753,553360183326722,553360188564170,553360192316149,30469,157031,553360192316149,553360188960992,553360210229951,553360188564170,
0,21269849,553360186326631,553360186326631,-178298998,553360187269951,553360188842867,553360189473857,553360189650992,553360206183335,553360187203076,8266797,553360191568388,553360191644899,553360191824847,553360195397972,553360200612242,24062,201197,553360200612242,553360195994951,553360218493180,553360195397972,
0,21269864,553360194568863,553360194568863,-636535117,553360195367451,553360197112607,553360200934742,553360201126565,553360214450132,553360195302503,8265625,553360202817607,553360202911305,553360203213597,553360207302138,553360212804690,34687,344167,553360212804690,553360208322242,553360226807763,553360207302138,
0,21269879,553360202846207,553360202846207,-892538,553360205063388,553360206689795,553360207187972,553360207356565,553360222715757,553360204998232,8266334,553360209297607,553360209386826,553360209606201,553360214001565,553360220229065,40417,255677,553360220229065,553360214757920,553360235222503,553360214001565,
0,21269894,553360211087184,553360211087184,-1029623331,553360212336722,553360214078961,553360214674638,553360214826930,553360230982091,553360212264795,8264909,553360216498440,553360216601149,553360216898232,553360224030263,553360229552034,41041,242031,553360229552034,553360224852086,553360243343961,553360224030263,
0,21269909,553360219333647,553360219333647,-1061306810,553360220377867,553360221755940,553360222232920,553360222378649,553360239247000,553360220296878,8263828,553360223867972,553360225017503,553360225395003,553360229974586,553360237500940,25938,281614,553360237500940,553360230900888,553360251522659,553360229974586,
0,21269924,553360227580339,553360227580339,-369032070,553360229172295,553360231404899,553360232209065,553360232336826,553360247510828,553360229094534,8262724,553360233887972,553360234025992,553360234229430,553360237691930,553360243132972,33542,183229,553360243132972,553360238200628,553360259797867,553360237691930,
0,21269939,553360235848914,553360235848914,-279865159,553360236937659,553360238865107,553360239573857,553360239754117,553360255773552,553360236848024,8263117,553360241971149,553360242054847,553360242258961,553360246620888,553360253574899,26094,249167,553360253574899,553360247345940,553360268070836,553360246620888,
0,21269954,553360244145597,553360244145597,-218319325,553360245568180,553360247138545,553360247708701,553360247873805,553360264036669,553360245502815,8264745,553360250212138,553360250315524,553360250578440,553360254153128,553360259834586,40469,185520,553360259834586,553360254706357,553360276391253,553360254153128,
0,21269969,553360252417822,553360252417822,-246058454,553360253321565,553360255263180,553360255891409,553360256119326,553360272301414,553360253251461,8265505,553360258430263,553360258501565,553360258683076,553360262230628,553360269228232,27187,183073,553360269228232,553360262754430,553360284722190,553360262230628,
0,21269984,553360260674973,553360260674973,-98618909,553360261897190,553360263656149,553360264516201,553360264700211,553360280566919,553360261819274,8265606,553360266432711,553360266496253,553360266673076,553360270316409,553360275808701,25573,164271,553360275808701,553360270777347,553360292896097,553360270316409,
0,21269999,553360268924905,553360268924905,-391331011,553360269884482,553360271498701,553360274419274,553360274606305,553360288832525,553360269821878,8264849,553360280252138,553360280348076,553360280570472,553360289451670,553360295789378,27292,484323,553360295789378,553360290305263,553360309365524,553360289451670,
0,21270014,553360277176615,553360277176615,-269300497,553360282887034,553360284803805,553360285429638,553360285661513,553360313650967,553360282821253,8264138,553360287841670,553360290492347,553360290728440,553360295885003,553360302934222,14947,163125,553360302934222,553360296413024,553360317665524,553360295885003,
0,21270043,553360293714087,553360293714087,-925861938,553360297277503,553360298939274,553360299578649,553360299697763,553360321915105,553360297226565,8264317,553360301379482,553360301436253,553360301574795,553360305942555,553360315180836,26250,233125,553360315180836,553360306656982,553360325913753,553360305942555,
0,21270058,553360301978404,553360301978404,-445390883,553360308258284,553360309582972,553360310062190,553360310204170,553360330179422,553360307994013,8264317,553360311927972,553360312050628,553360312273284,553360319685576,553360329386930,31198,287865,553360329386930,553360320364534,553360334135732,553360319685576,
0,21270088,553360318468776,553360318468776,-320907084,553360321359170,553360323315211,553360328732190,553360328974742,553360338443739,553360321305263,8261883,553360333754742,553360333842034,553360333999899,553360338852086,553360344376305,29739,299791,553360344376305,553360339681097,553360358957242,553360338852086,
0,21270103,553360326713386,553360326713386,-903502854,553360334540420,553360335635836,553360336239899,553360336377295,553360363182974,553360334497555,8260516,553360338203180,553360339835576,553360340201670,553360343770940,553360350196409,20260,320833,553360350196409,553360344473024,553360367187920,553360343770940,
0,21270124,553360343215119,553360343215119,-1002515503,553360343884638,553360345657347,553360346318649,553360346474430,553360371443490,553360343817763,8259093,553360348476982,553360348557920,553360348814899,553360354627399,553360365873753,37604,255573,553360365873753,553360355401565,553360375451722,553360354627399,
0,21270139,553360351474212,553360359733305,-228437545,553360360334326,553360361833128,553360364704899,553360364892815,553360379702583,553360359889378,8259093,553360367028388,553360367106461,553360367287920,553360374629638,553360380641669,26822,227709,553360380641669,553360375240784,553360392116149,553360374629638,
0,21270162,553360367976472,553360367976472,-500559057,553360368989586,553360370199013,553360373023805,553360373137972,553360396177250,553360368948440,8258112,553360374280472,553360375350367,553360375522763,553360380681722,553360390523024,15990,268073,553360390523024,553360381369586,553360400221982,553360380681722,
0,21270176,553360376262929,553360384523431,-903772535,553360386145055,553360387139847,553360387492451,553360387593597,553360404435362,553360385885784,8260502,553360389008805,553360389066669,553360389246669,553360393850732,553360403288232,30521,218177,553360403288232,553360394444847,553360408490263,553360393850732,
0,21270200,553360401061969,553360401061969,0,553360401581357,553360401586201,553360402485211,553360402605263,553360412728635,553360401530472,8261229,553360404365055,553360404412815,553360404576357,553360410793857,553360419309065,30572,284427,553360419309065,553360411542034,553360425141253,553360410793857,
0,21270207,553360409301589,553360409301589,0,553360410034951,553360410042451,553360415907607,553360416177972,553360437512322,553360409958805,8259933,553360419129326,553360419225732,553360419521305,553360425245628,553360432431461,38906,219792,553360432431461,553360425797086,553360441569534,553360425245628,
0,21270215,553360417561522,553360417561522,0,553360420566565,553360420570472,553360421398076,553360421518232,553360445772255,553360420506409,8259933,553360423383180,553360425935888,553360426260159,553360432071044,553360444488909,24636,379791,553360444488909,553360432963857,553360449820263,553360432071044,
0,21270222,553360425805595,553360434064545,0,553360436290159,553360436296305,553360439490940,553360439728701,553360454032188,553360435674742,8258950,553360444213544,553360444296669,553360444619065,553360449089794,553360455302451,44271,240000,553360455302451,553360449726722,553360466371513,553360449089794,
0,21270231,553360442344144,553360442344144,0,553360447209951,553360447213753,553360447740680,553360447853232,553360470508061,553360447158180,8259613,553360449015576,553360449843440,553360450019169,553360455481357,553360465512034,18854,322448,553360465512034,553360456272034,553360474616565,553360455481357,
0,21270238,553360450603801,553360450603801,0,553360451033805,553360451036774,553360454543701,553360454718701,553360478767674,553360450990784,8259582,553360457024169,553360457114951,553360457390211,553360462509742,553360476772867,22344,2725938,553360476772867,553360465820159,553360482900003,553360462509742,
0,21270246,553360458863383,553360458863383,0,553360459558492,553360459563805,553360460872086,553360460999534,553360487027256,553360459500576,8259582,553360462675992,553360466017347,553360466236669,553360474360784,553360486198857,17447,2176042,553360486198857,553360477074013,553360491188909,553360474360784,
0,21270254,553360467142444,553360475403496,0,553360476659326,553360476664951,553360477735367,553360477894326,553360495286838,553360476307867,8261052,553360481479065,553360481548753,553360481722138,553360487363857,553360493612867,24479,247916,553360493612867,553360487949169,553360507753180,553360487363857,
0,21270263,553360483664719,553360483664719,0,553360486558961,553360486563232,553360487141253,553360487252763,553360503547890,553360486508544,8260992,553360488569534,553360488618961,553360488764690,553360493041097,553360498692815,18750,376875,553360498692815,553360493803544,553360515956253,553360493041097,
0,21270270,553360491925129,553360491925129,0,553360492921722,553360492928440,553360493867034,553360494060003,553360511808882,553360492835784,8260799,553360496068284,553360496128805,553360496348544,553360502650211,553360510329169,33125,309843,553360510329169,553360503326878,553360524269586,553360502650211,
0,21270278,553360500185928,553360500185928,0,553360501060211,553360501066409,553360507427347,553360507651565,553360520069681,553360500992294,8260799,553360512395992,553360512477972,553360512680680,553360522854065,553360528916930,25209,228542,553360528916930,553360523406513,553360540729274,553360522854065,
0,21270286,553360508452856,553360508452856,0,553360514605055,553360514609534,553360515398076,553360515545992,553360544895790,553360514546357,8260927,553360517087659,553360523684430,553360524110784,553360529151930,553360537812555,23645,290000,553360537812555,553360529790576,553360548921982,553360529151930,
0,21270294,553360516735977,553360524998006,0,553360526054326,553360526060732,553360527475888,553360527767347,553360553156717,553360525554586,8262029,553360530590315,553360530672867,553360531578024,553360535872034,553360546611253,23177,1719532,553360546611253,553360537952190,553360557203128,553360535872034,
0,21270302,553360533277375,553360533277375,0,553360536872555,553360536877034,553360537592555,553360537742867,553360561418746,553360536810367,8263264,553360539710419,553360539785211,553360539980472,553360552045888,553360558914586,52916,295156,553360558914586,553360552771774,553360565449482,553360552045888,
0,21270310,553360541557084,553360549821266,0,553360551441930,553360551447242,553360552129638,553360552251305,553360569682010,553360551161201,8264182,553360553801565,553360553939638,553360554171669,553360557912034,553360566768961,29479,711250,553360566768961,553360559007190,553360573760680,553360557912034,
0,21270319,553360558059782,553360558059782,0,553360560739690,553360560745576,553360561348701,553360561490107,553360577946192,553360560687347,8263184,553360563072399,553360563163128,553360563356878,553360570570263,553360576669899,24740,218958,553360576669899,553360571132555,553360590310836,553360570570263,
0,21270327,553360566310645,553360566310645,0,553360567120055,553360567125732,553360568506826,553360568703440,553360586209376,553360567053128,8262682,553360570993961,553360571263336,553360571562347,553360577507086,553360584665211,26927,224636,553360584665211,553360578122867,553360598636878,553360577507086,
0,21270334,553360574552986,553360574552986,0,553360576037503,553360576056669,553360577352399,553360577552659,553360594472058,553360575898805,8261554,553360579637659,553360579731617,553360579945003,553360586956044,553360596413544,26771,221562,553360596413544,553360587490732,553360606807867,553360586956044,
0,21270342,553360582814540,553360582814540,0,553360583494899,553360583500211,553360587475576,553360587709742,553360611004314,553360583423544,8261554,553360590821044,553360591173753,553360591527867,553360597920419,553360606614378,30469,225209,553360606614378,553360598436409,553359384278337,553360597920419,
0,21270350,553360591072883,553360591072883,0,553360596280263,553360596290107,553360602825419,553360603033596,553360619265868,553360596176305,8261355,553360605037867,553360605212346,553360605538805,553360612485419,553360618085992,30000,255469,553360618085992,553360613142919,553359408859014,553360612485419,
0,21270358,553360599332523,553360607593574,0,553360608952034,553360608966253,553360610098076,553360610211826,553360610999189,553360608450836,8261051,553360612105576,553360613311513,553360613600315,553360618908753,553360625732242,17344,149636,553360625732242,553360619392711,553359425409430,553360618908753,
0,21270366,553360615876797,553360615876797,0,553360616828909,553360616836044,553360618039846,553360618246253,553360627543463,553360616747971,8262316,553360620244326,553360620321096,553360620493180,553360626752815,553359419441305,18958,254740,553359419441305,553360627293388,553359433609587,553360626752815,
---PROFILEDATA---


View hierarchy:

  com.paifa.ubikitouch/com.paifa.ubikitouch.app.MainActivity/android.view.ViewRootImpl@242e483
  10 views, 19.06 kB of render nodes

  /android.view.ViewRootImpl@8a82c79
  3 views, 4.34 kB of render nodes


Total ViewRootImpl   : 2
Total attached Views : 13
Total RenderNode     : 23.40 kB (used) / 67.04 kB (capacity)

