Applications Graphics Acceleration Info:
Uptime: 552855725 Realtime: 600380803

** Graphics info for pid 26758 [com.paifa.ubikitouch] **

Stats since: 552848690207229ns
Total frames rendered: 696
Janky frames: 95 (13.65%)
Janky frames (legacy): 664 (95.40%)
50th percentile: 19ms
90th percentile: 26ms
95th percentile: 29ms
99th percentile: 44ms
Number Missed Vsync: 21
Number High input latency: 1190
Number Slow UI thread: 88
Number Slow bitmap uploads: 0
Number Slow issue draw commands: 94
Number Frame deadline missed: 95
Number Frame deadline missed (legacy): 107
HISTOGRAM: 5ms=0 6ms=0 7ms=0 8ms=0 9ms=10 10ms=12 11ms=14 12ms=47 13ms=49 14ms=32 15ms=23 16ms=58 17ms=61 18ms=41 19ms=36 20ms=50 21ms=47 22ms=38 23ms=27 24ms=27 25ms=40 26ms=25 27ms=15 28ms=7 29ms=5 30ms=4 31ms=1 32ms=6 34ms=7 36ms=2 38ms=2 40ms=1 42ms=0 44ms=3 46ms=2 48ms=2 53ms=0 57ms=1 61ms=1 65ms=0 69ms=0 73ms=0 77ms=0 81ms=0 85ms=0 89ms=0 93ms=0 97ms=0 101ms=0 105ms=0 109ms=0 113ms=0 117ms=0 121ms=0 125ms=0 129ms=0 133ms=0 150ms=0 200ms=0 250ms=0 300ms=0 350ms=0 400ms=0 450ms=0 500ms=0 550ms=0 600ms=0 650ms=0 700ms=0 750ms=0 800ms=0 850ms=0 900ms=0 950ms=0 1000ms=0 1050ms=0 1100ms=0 1150ms=0 1200ms=0 1250ms=0 1300ms=0 1350ms=0 1400ms=0 1450ms=0 1500ms=0 1550ms=0 1600ms=0 1650ms=0 1700ms=0 1750ms=0 1800ms=0 1850ms=0 1900ms=0 1950ms=0 2000ms=0 2050ms=0 2100ms=0 2150ms=0 2200ms=0 2250ms=0 2300ms=0 2350ms=0 2400ms=0 2450ms=0 2500ms=0 2550ms=0 2600ms=0 2650ms=0 2700ms=0 2750ms=0 2800ms=0 2850ms=0 2900ms=0 2950ms=0 3000ms=0 3050ms=0 3100ms=0 3150ms=0 3200ms=0 3250ms=0 3300ms=0 3350ms=0 3400ms=0 3450ms=0 3500ms=0 3550ms=0 3600ms=0 3650ms=0 3700ms=0 3750ms=0 3800ms=0 3850ms=0 3900ms=0 3950ms=0 4000ms=0 4050ms=0 4100ms=0 4150ms=0 4200ms=0 4250ms=0 4300ms=0 4350ms=0 4400ms=0 4450ms=0 4500ms=0 4550ms=0 4600ms=0 4650ms=0 4700ms=0 4750ms=0 4800ms=0 4850ms=0 4900ms=0 4950ms=0
50th gpu percentile: 7ms
90th gpu percentile: 10ms
95th gpu percentile: 11ms
99th gpu percentile: 15ms
GPU HISTOGRAM: 1ms=0 2ms=0 3ms=49 4ms=42 5ms=133 6ms=96 7ms=102 8ms=131 9ms=59 10ms=32 11ms=18 12ms=14 13ms=5 14ms=5 15ms=5 16ms=2 17ms=0 18ms=1 19ms=0 20ms=1 21ms=0 22ms=1 23ms=0 24ms=0 25ms=0 4950ms=0

Pipeline=Skia (OpenGL)
Memory policy:
  Max surface area: 2592000
  Max resource usage: 373.25MB (x144)
  Background retention: 50% (altUiHidden = true)
  GPU Context timeout: 10
Contexts: 2 (stopped = 0)
CPU Caches:
  Glyph Cache: 571.50 KB (1 entry)
  Shadows: 8.70 KB (7 entries)
  Glyph Count: 103 
Total CPU memory usage:
  594118 bytes, 580.19 KB (0.00 bytes is purgeable)
GPU Caches:
  SW Path Mask:
    Texture: 1.33 MB (2 entries)
  Other:
    Other: 66.95 KB (1 entry)
    Buffer Object: 2.05 KB (2 entries)
  Image:
    Texture: 397.82 KB (54 entries)
  Scratch:
    RenderTarget: 326.77 MB (327 entries)
    Buffer Object: 78.00 KB (2 entries)
    Texture: 8.04 MB (22 entries)
Total GPU memory usage:
  353013760 bytes, 336.66 MB (1.51 MB is purgeable)

Profile data in ms:

	com.paifa.ubikitouch/com.paifa.ubikitouch.app.MainActivity/android.view.ViewRootImpl@875f473 (visibility=0)
Window: com.paifa.ubikitouch/com.paifa.ubikitouch.app.MainActivity
Stats since: 552848688910979ns
Total frames rendered: 0
Janky frames: 0 (0.00%)
Janky frames (legacy): 0 (0.00%)
50th percentile: 4950ms
90th percentile: 4950ms
95th percentile: 4950ms
99th percentile: 4950ms
Number Missed Vsync: 0
Number High input latency: 0
Number Slow UI thread: 0
Number Slow bitmap uploads: 0
Number Slow issue draw commands: 0
Number Frame deadline missed: 0
Number Frame deadline missed (legacy): 0
HISTOGRAM: 5ms=0 6ms=0 7ms=0 8ms=0 9ms=0 10ms=0 11ms=0 12ms=0 13ms=0 14ms=0 15ms=0 16ms=0 17ms=0 18ms=0 19ms=0 20ms=0 21ms=0 22ms=0 23ms=0 24ms=0 25ms=0 26ms=0 27ms=0 28ms=0 29ms=0 30ms=0 31ms=0 32ms=0 34ms=0 36ms=0 38ms=0 40ms=0 42ms=0 44ms=0 46ms=0 48ms=0 53ms=0 57ms=0 61ms=0 65ms=0 69ms=0 73ms=0 77ms=0 81ms=0 85ms=0 89ms=0 93ms=0 97ms=0 101ms=0 105ms=0 109ms=0 113ms=0 117ms=0 121ms=0 125ms=0 129ms=0 133ms=0 150ms=0 200ms=0 250ms=0 300ms=0 350ms=0 400ms=0 450ms=0 500ms=0 550ms=0 600ms=0 650ms=0 700ms=0 750ms=0 800ms=0 850ms=0 900ms=0 950ms=0 1000ms=0 1050ms=0 1100ms=0 1150ms=0 1200ms=0 1250ms=0 1300ms=0 1350ms=0 1400ms=0 1450ms=0 1500ms=0 1550ms=0 1600ms=0 1650ms=0 1700ms=0 1750ms=0 1800ms=0 1850ms=0 1900ms=0 1950ms=0 2000ms=0 2050ms=0 2100ms=0 2150ms=0 2200ms=0 2250ms=0 2300ms=0 2350ms=0 2400ms=0 2450ms=0 2500ms=0 2550ms=0 2600ms=0 2650ms=0 2700ms=0 2750ms=0 2800ms=0 2850ms=0 2900ms=0 2950ms=0 3000ms=0 3050ms=0 3100ms=0 3150ms=0 3200ms=0 3250ms=0 3300ms=0 3350ms=0 3400ms=0 3450ms=0 3500ms=0 3550ms=0 3600ms=0 3650ms=0 3700ms=0 3750ms=0 3800ms=0 3850ms=0 3900ms=0 3950ms=0 4000ms=0 4050ms=0 4100ms=0 4150ms=0 4200ms=0 4250ms=0 4300ms=0 4350ms=0 4400ms=0 4450ms=0 4500ms=0 4550ms=0 4600ms=0 4650ms=0 4700ms=0 4750ms=0 4800ms=0 4850ms=0 4900ms=0 4950ms=0
50th gpu percentile: 4950ms
90th gpu percentile: 4950ms
95th gpu percentile: 4950ms
99th gpu percentile: 4950ms
GPU HISTOGRAM: 1ms=0 2ms=0 3ms=0 4ms=0 5ms=0 6ms=0 7ms=0 8ms=0 9ms=0 10ms=0 11ms=0 12ms=0 13ms=0 14ms=0 15ms=0 16ms=0 17ms=0 18ms=0 19ms=0 20ms=0 21ms=0 22ms=0 23ms=0 24ms=0 25ms=0 4950ms=0



---PROFILEDATA---
Flags,FrameTimelineVsyncId,IntendedVsync,Vsync,InputEventId,HandleInputStart,AnimationStart,PerformTraversalsStart,DrawStart,FrameDeadline,FrameInterval,FrameStartTime,SyncQueued,SyncStart,IssueDrawCommandsStart,SwapBuffers,FrameCompleted,DequeueBufferDuration,QueueBufferDuration,GpuCompleted,SwapBuffersCompleted,DisplayPresentTime,CommandSubmissionCompleted,
---PROFILEDATA---


	/android.view.ViewRootImpl@934d9ad (visibility=0)
Window: 
Stats since: 552848690206917ns
Total frames rendered: 697
Janky frames: 95 (13.63%)
Janky frames (legacy): 665 (95.41%)
50th percentile: 19ms
90th percentile: 26ms
95th percentile: 29ms
99th percentile: 44ms
Number Missed Vsync: 21
Number High input latency: 1192
Number Slow UI thread: 88
Number Slow bitmap uploads: 0
Number Slow issue draw commands: 94
Number Frame deadline missed: 95
Number Frame deadline missed (legacy): 107
HISTOGRAM: 5ms=0 6ms=0 7ms=0 8ms=0 9ms=10 10ms=12 11ms=14 12ms=47 13ms=49 14ms=32 15ms=23 16ms=58 17ms=62 18ms=41 19ms=36 20ms=50 21ms=47 22ms=38 23ms=27 24ms=27 25ms=40 26ms=25 27ms=15 28ms=7 29ms=5 30ms=4 31ms=1 32ms=6 34ms=7 36ms=2 38ms=2 40ms=1 42ms=0 44ms=3 46ms=2 48ms=2 53ms=0 57ms=1 61ms=1 65ms=0 69ms=0 73ms=0 77ms=0 81ms=0 85ms=0 89ms=0 93ms=0 97ms=0 101ms=0 105ms=0 109ms=0 113ms=0 117ms=0 121ms=0 125ms=0 129ms=0 133ms=0 150ms=0 200ms=0 250ms=0 300ms=0 350ms=0 400ms=0 450ms=0 500ms=0 550ms=0 600ms=0 650ms=0 700ms=0 750ms=0 800ms=0 850ms=0 900ms=0 950ms=0 1000ms=0 1050ms=0 1100ms=0 1150ms=0 1200ms=0 1250ms=0 1300ms=0 1350ms=0 1400ms=0 1450ms=0 1500ms=0 1550ms=0 1600ms=0 1650ms=0 1700ms=0 1750ms=0 1800ms=0 1850ms=0 1900ms=0 1950ms=0 2000ms=0 2050ms=0 2100ms=0 2150ms=0 2200ms=0 2250ms=0 2300ms=0 2350ms=0 2400ms=0 2450ms=0 2500ms=0 2550ms=0 2600ms=0 2650ms=0 2700ms=0 2750ms=0 2800ms=0 2850ms=0 2900ms=0 2950ms=0 3000ms=0 3050ms=0 3100ms=0 3150ms=0 3200ms=0 3250ms=0 3300ms=0 3350ms=0 3400ms=0 3450ms=0 3500ms=0 3550ms=0 3600ms=0 3650ms=0 3700ms=0 3750ms=0 3800ms=0 3850ms=0 3900ms=0 3950ms=0 4000ms=0 4050ms=0 4100ms=0 4150ms=0 4200ms=0 4250ms=0 4300ms=0 4350ms=0 4400ms=0 4450ms=0 4500ms=0 4550ms=0 4600ms=0 4650ms=0 4700ms=0 4750ms=0 4800ms=0 4850ms=0 4900ms=0 4950ms=0
50th gpu percentile: 7ms
90th gpu percentile: 10ms
95th gpu percentile: 11ms
99th gpu percentile: 15ms
GPU HISTOGRAM: 1ms=0 2ms=0 3ms=50 4ms=42 5ms=133 6ms=96 7ms=102 8ms=131 9ms=59 10ms=32 11ms=18 12ms=14 13ms=5 14ms=5 15ms=5 16ms=2 17ms=0 18ms=1 19ms=0 20ms=1 21ms=0 22ms=1 23ms=0 24ms=0 25ms=0 4950ms=0



---PROFILEDATA---
Flags,FrameTimelineVsyncId,IntendedVsync,Vsync,InputEventId,HandleInputStart,AnimationStart,PerformTraversalsStart,DrawStart,FrameDeadline,FrameInterval,FrameStartTime,SyncQueued,SyncStart,IssueDrawCommandsStart,SwapBuffers,FrameCompleted,DequeueBufferDuration,QueueBufferDuration,GpuCompleted,SwapBuffersCompleted,DisplayPresentTime,CommandSubmissionCompleted,
0,21235382,552854592557883,552854592557883,-124212604,552854596083737,552854597192019,552854623408321,552854623527123,552854620734180,552854595959623,8258187,552854628611498,552854628676185,552854628855977,552854634765248,552854639921290,36666,263594,552854639921290,552854635404467,552854649531706,552854634765248,
0,21235396,552854600804069,552854625576392,-88694926,552854629440612,552854630394154,552854634007800,552854634147019,552854653773671,552854629185977,8257441,552854636123685,552854636185352,552854636369258,552854642702071,552854650772592,17605,294115,552854650772592,552854643408165,552854657778737,552854642702071,
0,21235425,552854633812725,552854633812725,-902386285,552854637045144,552854638124675,552854645052540,552854645218737,552854662031112,552854637011029,8256401,552854648731862,552854648810821,552854649053477,552854654791185,552854659646810,26667,227135,552854659646810,552854655341290,552854674322123,552854654791185,
0,21235440,552854642069126,552854650325527,-267700379,552854651109987,552854652339935,552854655792279,552854655938842,552854670287513,552854650817227,8256401,552854656897540,552854656955404,552854657142331,552854662111758,552854668205092,32136,223072,552854668205092,552854662726133,552854682571758,552854662111758,
0,21235462,552854658577339,552854658577339,-129274149,552854661727487,552854662913737,552854663413217,552854663523529,552854678543914,552854661679571,8256394,552854665313477,552854665380821,552854665571446,552854671527175,552854677711081,22969,249792,552854677711081,552854672142175,552854690802539,552854671527175,
0,21235477,552854666833733,552854666833733,-573549134,552854667493633,552854668483008,552854668846862,552854668969883,552854686800308,552854667449675,8256394,552854670593737,552854672303164,552854672559206,552854679407800,552854685617592,21302,245521,552854685617592,552854680138737,552854699126237,552854679407800,
0,21235492,552854675076570,552854675076570,-605014828,552854676296289,552854677894935,552854678389102,552854678534883,552854695056702,552854676248060,8255748,552854680434883,552854680509623,552854680719467,552854686072592,552854693176810,19948,166563,552854693176810,552854686531862,552854707329935,552854686072592,
0,21235507,552854683331431,552854683331431,-329761399,552854684696185,552854686308581,552854688660821,552854688787435,552854703312450,552854684627487,8255592,552854691984519,552854692157904,552854692412539,552854697816654,552854705693789,33072,207760,552854705693789,552854698365821,552854715583373,552854697816654,
0,21235522,552854691592786,552854691592786,-800127210,552854693097592,552854694348946,552854697257331,552854697392383,552854719764873,552854693061967,8255941,552854698195508,552854698487331,552854698651081,552854704327227,552854712800717,14948,1048542,552854712800717,552854705798946,552854723843633,552854704327227,
0,21235537,552854699842299,552854708097944,-638229737,552854711088112,552854712150925,552854712513217,552854712619519,552854728020814,552854710816862,8255645,552854714236237,552854714314623,552854714485196,552854718285352,552854725448164,24896,318282,552854725448164,552854718866602,552854732126394,552854718285352,
0,21235560,552854716356335,552854716356335,-664950288,552854716958321,552854718348217,552854718904102,552854719073894,552854736276459,552854716898581,8255483,552854721057800,552854721119102,552854721363060,552854726864935,552854733902331,28802,248229,552854733902331,552854727387435,552854740386758,552854726864935,
0,21235575,552854724605436,552854724605436,-84617713,552854725536706,552854727162539,552854727818633,552854727986602,552854744531942,552854725454310,8255003,552854730862175,552854730969154,552854731192435,552854736474831,552854741561550,29219,232969,552854741561550,552854737063477,552854756869102,552854736474831,
0,21235590,552854732867408,552854732867408,-880534453,552854733514206,552854735156498,552854737092279,552854737302852,552854752786945,552854733452539,8255575,552854738487019,552854738545300,552854738693425,552854742725508,552854747438529,19270,172969,552854747438529,552854743202435,552854765113894,552854742725508,
0,21235604,552854741122875,552854741122875,-382810431,552854742005456,552854743387800,552854746411550,552854746560821,552854761042520,552854741955769,8255352,552854749398789,552854749475508,552854749711185,552854754832592,552854762576550,26302,277864,552854762576550,552854755642435,552854773395144,552854754832592,
0,21235619,552854749378227,552854749378227,-617963732,552854750386029,552854751544935,552854754298164,552854754420404,552854777555597,552854750350560,8255352,552854755352800,552854755796550,552854755996654,552854761352487,552854769944779,15937,972656,552854769944779,552854762718633,552854781643373,552854761352487,
0,21235634,552854757642020,552854765897835,-396235529,552854766244779,552854767251446,552854767669414,552854767799206,552854785810949,552854765955873,8255815,552854769680664,552854769746862,552854769919675,552854774183112,552854780596654,22760,229948,552854780596654,552854774798217,552854789918998,552854774183112,
0,21235657,552854774150117,552854774150117,-1319627,552854775164727,552854776833060,552854777417123,552854777558894,552854794066764,552854775089362,8255685,552854779708217,552854779785092,552854779970196,552854783617227,552854791230300,43385,286771,552854791230300,552854784186185,552854798148060,552854783617227,
0,21235672,552854782408515,552854782408515,-240017138,552854783115248,552854784711342,552854786508789,552854786696862,552854802322449,552854783056029,8255825,552854788776550,552854788863685,552854789060248,552854793596446,552854798521862,29792,186094,552854798521862,552854794120769,552854814716602,552854793596446,
0,21235687,552854790666680,552854790666680,-77447185,552854791305508,552854795085352,552854797794519,552854797926654,552854810578274,552854791247592,8256007,552854798742748,552854798799883,552854798957539,552854803363164,552854810793164,24219,414114,552854810793164,552854804241654,552854822979467,552854803363164,
0,21235701,552854798923415,552854798923415,-534086801,552854800276342,552854801279467,552854803416758,552854803538477,552854827101367,552854800239310,8255925,552854805696133,552854805773321,552854805968008,552854810445873,552854816697696,22709,230156,552854816697696,552854811082592,552854831179987,552854810445873,
0,21235716,552854807179340,552854807179340,-668069789,552854807720092,552854809077800,552854809566446,552854809671394,552854835357292,552854807679206,8255925,552854811323581,552854811394102,552854811580404,552854816340508,552854823041133,18542,232032,552854823041133,552854817014467,552854839446602,552854816340508,
0,21235731,552854815443654,552854815443654,-851899762,552854823019414,552854823074571,552854826168373,552854826315977,552854843613217,552854822936185,8256625,552854826790873,552854826865769,552854827012435,552854829653789,552854833734050,24219,203021,552854833734050,552854830111862,552854847713633,552854829653789,
0,21235739,552854823713498,552854823713498,0,552854828726602,552854828730039,552854829369831,552854829457592,552854851869842,552854828683529,8257380,552854830855769,552854830907383,552854831104935,552854836748477,552854844746550,17031,250625,552854844746550,552854837514883,552854855959362,552854836748477,
0,21235747,552854831979762,552854831979762,0,552854832618373,552854832623842,552854834889987,552854835064571,552854860127222,552854832565560,8257835,552854836670560,552854837673529,552854838037904,552854843972904,552854852583789,25469,521042,552854852583789,552854844955144,552854864244102,552854843972904,
0,21235755,552854840232812,552854840232812,0,552854841025821,552854841032644,552854845003008,552854845151081,552854868385057,552854840913112,8257628,552854846137644,552854846258217,552854846438737,552854851602956,552854857965352,17344,772292,552854857965352,552854852756602,552854872482644,552854851602956,
0,21235763,552854848486838,552854848486838,0,552854851151758,552854851157956,552854852297175,552854852393685,552854876642685,552854851086185,8257421,552854853921289,552854853981758,552854854156967,552854858757383,552854865675977,21250,137708,552854865675977,552854859171758,552854880731550,552854858757383,
0,21235771,552854856741589,552854856741589,0,552854857454935,552854857460352,552854858468685,552854858643633,552854884900106,552854857389883,8257191,552854860431550,552854860524987,552854860801758,552854865523581,552854873327487,25729,350521,552854873327487,552854866337696,552854888999987,552854865523581,
0,21235779,552854864997805,552854864997805,0,552854865802539,552854865809571,552854869552800,552854869740977,552854893157297,552854865729675,8257196,552854872125248,552854872213998,552854872434206,552854879372435,552854886685508,33959,225886,552854886685508,552854879966029,552854897330300,552854879372435,
0,21235787,552854873259617,552854873259617,0,552854874759883,552854874763737,552854876891602,552854877021185,552854901414493,552854874701342,8257466,552854878550248,552854880130716,552854880398789,552854885175716,552854893878529,21823,1275052,552854893878529,552854886896654,552854905529935,552854885175716,
0,21235795,552854881513096,552854881513096,0,552854888375821,552854888380352,552854890317123,552854890447904,552854909671959,552854888325039,8257134,552854891854675,552854891925404,552854892278373,552854896452175,552854903626602,20260,268333,552854903626602,552854897091810,552854913826394,552854896452175,
0,21235803,552854889774040,552854889774040,0,552854895133998,552854895138998,552854896155977,552854896314727,552854917929093,552854895071237,8257581,552854898168164,552854898257644,552854898494883,552854903200300,552854910796654,24531,298750,552854910796654,552854903994727,552854922033946,552854903200300,
0,21235811,552854898030649,552854898030649,0,552854899447904,552854899454310,552854900543894,552854900707331,552854926186674,552854899364935,8257501,552854902404779,552854904164310,552854904387696,552854908681237,552854917427279,18802,1875573,552854917427279,552854910985456,552854930284883,552854908681237,
0,21235819,552854906302707,552854906302707,0,552854907040716,552854907047331,552854907967383,552854908159883,552854934444175,552854906980508,8258243,552854910236758,552854911100873,552854911288060,552854915378633,552854922918060,17708,1779219,552854922918060,552854917620456,552854938547591,552854915378633,
0,21235827,552854914560917,552854914560917,0,552854915220560,552854915227435,552854916236602,552854916403321,552854942702418,552854915149206,8258223,552854918480873,552854918554727,552854918721237,552854923528946,552854929662487,20208,179271,552854929662487,552854924234050,552854946800144,552854923528946,
0,21235835,552854922831688,552854922831688,0,552854923468425,552854923473633,552854926835039,552854927016446,552854950960641,552854923417696,8259057,552854930666810,552854930794310,552854931004727,552854934857956,552854940358060,20677,180782,552854940358060,552854935392852,552854955092591,552854934857956,
0,21235843,552854931091495,552854931091495,0,552854932147279,552854932152435,552854935518008,552854935670352,552854959219698,552854932088841,8259300,552854936917019,552854936989675,552854937147383,552854950004102,552854954506081,21302,186407,552854954506081,552854950504519,552854963323685,552854950004102,
0,21235851,552854939344314,552854939344314,0,552854946415560,552854946420456,552854947050612,552854947161550,552854967478998,552854946361914,8258936,552854951811758,552854951919154,552854952265508,552854956109258,552854961907696,24427,170365,552854961907696,552854956559883,552854971608060,552854956109258,
0,21235859,552854947596066,552854947596066,0,552854955275144,552854955280977,552854956211862,552854956367904,552854975737934,552854955198269,8258426,552854958008008,552854958077019,552854958241550,552854962279414,552854969236602,21927,150104,552854969236602,552854962658060,552854979866706,552854962279414,
0,21235867,552854955849886,552854955849886,0,552854958957227,552854958960091,552854959477748,552854959571602,552854983996360,552854958919519,8258169,552854961139831,552854962795456,552854962968581,552854966741498,552854975891654,12604,2330208,552854975891654,552854969446237,552854988202644,552854966741498,
0,21235875,552854964110335,552854964110335,0,552854964797800,552854964802071,552854965554623,552854965658633,552854992254529,552854964747852,8258235,552854967042904,552854969653633,552854970032904,552854974264779,552854981291550,19792,1446511,552854981291550,552854976153477,552854996507071,552854974264779,
0,21235883,552854972366819,552854972366819,0,552854973091185,552854973096966,552854974173946,552854974366394,552855000512764,552854973024883,8258173,552854976449102,552854976524519,552854976745300,552854980999050,552854986426706,24479,196979,552854986426706,552854981455196,552855004620404,552854980999050,
0,21235891,552854980624682,552854980624682,0,552854981238164,552854981244623,552854983384779,552854983544466,552855008770937,552854981165508,8258008,552854985232800,552854985324779,552854985513841,552854991643425,552854993766654,20365,252865,552854993766654,552854992159987,552855012898529,552854991643425,
0,21235899,552854988890841,552854988890841,0,552854989586029,552854989591706,552854993856341,552854994035977,552855017028945,552854989509675,8258649,552854995179935,552854995267696,552854995443321,552854998826498,552855002258841,23802,193438,552855002258841,552854999313789,552855021139466,552854998826498,
0,21235907,552854997176934,552854997176934,0,552854998386446,552854998392956,552854999445612,552854999570508,552855025287594,552854998312331,8260496,552855001293633,552855001370039,552855001558269,552855004814258,552855008785248,23958,162135,552855008785248,552855005200716,552855029455612,552855004814258,
0,21235915,552855005463633,552855005463633,0,552855006067591,552855006073477,552855006756758,552855006889414,552855033548090,552855006012539,8262003,552855008433841,552855008499623,552855008670508,552855012300039,552855017186654,20156,236771,552855017186654,552855012813841,552855037684102,552855012300039,
0,21235923,552855013713210,552855013713210,0,552855014528789,552855014535091,552855015448685,552855015616289,552855041810093,552855014458477,8261328,552855017662748,552855017738112,552855017901394,552855021405508,552855024230248,22292,216459,552855024230248,552855021932123,552855045943529,552855021405508,
0,21235931,552855021968878,552855021968878,0,552855023015716,552855023021341,552855023962487,552855024232019,552855050071421,552855022935196,8261063,552855026317487,552855026381394,552855026586914,552855031115300,552855035732800,24375,263802,552855035732800,552855031729362,552855054185144,552855031115300,
0,21235939,552855030217893,552855030217893,0,552855031179779,552855031186237,552855032356237,552855032556289,552855058332484,552855031109831,8260323,552855034884623,552855034955144,552855035182019,552855038526654,552855042878060,30781,195989,552855042878060,552855039185300,552855062503373,552855038526654,
0,21235947,552855038484976,552855038484976,0,552855039283321,552855039289362,552855040354362,552855040530925,552855066592807,552855039197748,8260805,552855042672019,552855042740716,552855042902956,552855045528529,552855048693581,25729,227500,552855048693581,552855046033737,552855070724779,552855045528529,
0,21235955,552855046740675,552855046740675,0,552855047489102,552855047494727,552855048449779,552855048610873,552855074853612,552855047420300,8260481,552855050499935,552855050556237,552855050700612,552855053832175,552855056322956,22396,298594,552855056322956,552855054428425,552855078946185,552855053832175,
0,21235963,552855054994388,552855054994388,0,552855055707123,552855055712487,552855056566602,552855056704206,552855083114093,552855055647175,8259971,552855058424362,552855058503321,552855058720821,552855062043789,552855065187852,29427,229844,552855065187852,552855062601862,552855087269050,552855062043789,
0,21235971,552855063244790,552855063244790,0,552855064056237,552855064061341,552855064835091,552855064966498,552855091374064,552855063967539,8259315,552855066666289,552855066752904,552855066950560,552855070623425,552855073353321,22709,218021,552855073353321,552855071228685,552855095565091,552855070623425,
0,21235994,552855079778711,552855079778711,-335379436,552855083226862,552855084668685,552855090595352,552855090809831,552855099633379,552855083181810,8260465,552855093078581,552855093189206,552855093383112,552855097204727,552855100182643,41719,211302,552855100182643,552855097836966,552855112055091,552855097204727,
0,21236009,552855088033027,552855088033027,-843258639,552855095307956,552855096933112,552855097548060,552855097700716,552855116226772,552855095202227,8260341,552855099844935,552855100174935,552855100358685,552855104453216,552855109025508,30260,298125,552855109025508,552855105101810,552855120244310,552855104453216,
0,21236031,552855104556080,552855104556080,-545095847,552855107185873,552855108620873,552855109280664,552855109425300,552855124487113,552855107111862,8260407,552855111290404,552855111384466,552855111620664,552855115223841,552855118076758,31614,296354,552855118076758,552855115940768,552855136781654,552855115223841,
0,21236046,552855112825672,552855112825672,-607352271,552855119406289,552855120657123,552855122493164,552855122681185,552855132747520,552855119347696,8260792,552855127280039,552855127359623,552855127512696,552855137051289,552855141527591,23855,220000,552855141527591,552855137563164,552855153378164,552855137051289,
0,21236060,552855121086361,552855129347039,-622327407,552855129868633,552855130962643,552855131507018,552855131665925,552855157535506,552855129510248,8260678,552855134394935,552855137735143,552855137910300,552855142328737,552855149918425,13438,185990,552855149918425,552855142795925,552855161548477,552855142328737,
0,21236082,552855137585593,552855137585593,-822335078,552855138760508,552855140101706,552855140893477,552855141273268,552855165796184,552855138709935,8259339,552855143352539,552855143419466,552855143584154,552855148427018,552855155231185,23698,1245625,552855155231185,552855150097696,552855169892643,552855148427018,
0,21236097,552855145844932,552855145844932,-704860200,552855150324935,552855151747279,552855152370873,552855152501966,552855174055523,552855150234154,8259339,552855154332748,552855154446810,552855154699987,552855159385248,552855166473946,41407,188437,552855166473946,552855159908737,552855178052071,552855159385248,
0,21236112,552855154094747,552855154094747,-956816198,552855157761654,552855159175196,552855162936341,552855163076550,552855182314862,552855157690196,8258805,552855166633268,552855166706133,552855166873112,552855171167227,552855177271966,22865,338230,552855177271966,552855171929258,552855186341081,552855171167227,
0,21236127,552855162364125,552855162364125,-478512826,552855168429362,552855169611966,552855169965664,552855170060560,552855190573667,552855168361081,8259144,552855171509935,552855172149258,552855172372331,552855176114883,552855183610925,16197,882136,552855183610925,552855177421914,552855194615664,552855176114883,
0,21236142,552855170609794,552855170609794,0,552855177322175,552855177483998,552855177487331,552855177598581,552855198832811,552855177274050,8258364,552855177942331,552855177993737,552855178165977,552855180720612,552855187207175,16302,2721718,552855187207175,552855183793373,552855202842383,552855180720612,
0,21236157,552855178879484,552855178879484,-411230244,552855179574727,552855180537279,552855180966029,552855181059623,552855207091175,552855179539883,8258815,552855182446029,552855183916758,552855184182175,552855188605248,552855194980768,22344,182292,552855194980768,552855189117904,552855211114466,552855188605248,
0,21236172,552855187133055,552855187133055,-284896065,552855188972383,552855190088008,552855190559518,552855190685612,552855215349990,552855188917487,8258810,552855193032643,552855193176393,552855193461810,552855198916498,552855207214362,46407,180260,552855207214362,552855199616550,552855219412331,552855198916498,
0,21236187,552855195402261,552855195402261,-276511525,552855196501029,552855198063425,552855200745196,552855200979362,552855223608800,552855196362071,8259860,552855205687123,552855205781393,552855205972539,552855210731862,552855218406185,28072,265782,552855218406185,552855211373633,552855227631758,552855210731862,
0,21236202,552855203657101,552855203657101,-71942980,552855206691654,552855207750716,552855208222696,552855208372852,552855231868660,552855206658893,8259474,552855209977383,552855211510716,552855211671758,552855221031810,552855228280248,18229,246875,552855228280248,552855221857071,552855235904310,552855221031810,
0,21236217,552855211906863,552855220165779,-486062618,552855221582383,552855222625456,552855224853268,552855224975768,552855240128134,552855221207591,8258916,552855226393268,552855226466393,552855226625039,552855230729466,552855237576289,23229,356979,552855237576289,552855231491758,552855244191966,552855230729466,
0,21236240,552855228424220,552855228424220,-169192863,552855229537331,552855233093112,552855233861237,552855234002435,552855248387050,552855229314727,8258812,552855235898581,552855236112904,552855236353893,552855241487956,552855246472956,47136,228334,552855246472956,552855242010196,552855260688685,552855241487956,
0,21236255,552855236678208,552855236678208,-162585781,552855237357696,552855239072018,552855242934675,552855243068789,552855256645862,552855237312904,8258503,552855245105821,552855245197904,552855245390821,552855250408685,552855258071966,28542,295625,552855258071966,552855251095039,552855268913112,552855250408685,
0,21236269,552855244935215,552855244935215,-420520313,552855245890143,552855246906237,552855247292748,552855247382383,552855273120383,552855245857696,8258349,552855249263164,552855251283112,552855251563893,552855256899935,552855265541654,30365,898489,552855265541654,552855258269414,552855277226914,552855256899935,
0,21236284,552855253193564,552855253193564,-154576653,552855259960508,552855261291966,552855261727383,552855261860143,552855281378732,552855259895091,8258349,552855263650664,552855263727071,552855263899154,552855268544727,552855275646341,20938,266094,552855275646341,552855269118268,552855285462331,552855268544727,
0,21236314,552855269717843,552855269717843,-152007690,552855270399623,552855271812227,552855275117591,552855275301446,552855289637081,552855270347279,8258682,552855277623321,552855277750039,552855277990248,552855283147279,552855287943841,31615,419375,552855287943841,552855283901550,552855301971758,552855283147279,
0,21236329,552855277968638,552855277968638,-565819744,552855280443893,552855282100248,552855285251393,552855285379518,552855297895763,552855280368164,8258226,552855287217331,552855287284466,552855287485977,552855292609987,552855300163581,27812,208125,552855300163581,552855293154050,552855310240300,552855292609987,
0,21236343,552855286226158,552855286226158,-190323722,552855287988008,552855289028216,552855289443321,552855289532123,552855314409982,552855287954310,8257899,552855290992383,552855293271914,552855293474414,552855298857696,552855306842852,20365,1051614,552855306842852,552855300304675,552855318492956,552855298857696,
0,21236358,552855294484057,552855302741956,-357662370,552855305471289,552855306442904,552855306782852,552855306951185,552855322667881,552855305195612,8257899,552855308677279,552855308753477,552855308914050,552855313590664,552855318628008,25313,246719,552855318628008,552855314260664,552855335078685,552855313590664,
0,21236381,552855311012738,552855311012738,-812726967,552855311543998,552855312705977,552855313235300,552855313374050,552855330925780,552855311498216,8258853,552855315120352,552855315182175,552855315353320,552855319638998,552855324437591,17500,212917,552855324437591,552855320149675,552855343305248,552855319638998,
0,21236395,552855319278188,552855319278188,-944902946,552855319871810,552855321378737,552855325448008,552855325615508,552855339184633,552855319818998,8259375,552855328737539,552855328832123,552855329034727,552855333826185,552855341559050,27135,182292,552855341559050,552855334240352,552855351528737,552855333826185,
0,21236410,552855327537563,552855327537563,-429239033,552855329767279,552855331083685,552855336756966,552855336893581,552855355722979,552855329717904,8259375,552855338508008,552855338602487,552855338829883,552855344306810,552855350578529,37708,360886,552855350578529,552855345035768,552855359797175,552855344306810,
0,21236433,552855344062127,552855344062127,-320836738,552855349689466,552855349694518,552855350397279,552855350516081,552855363982354,552855349635768,8259440,552855352291185,552855352374727,552855352598685,552855357184310,552855361925508,27292,207135,552855361925508,552855357701237,552855376434102,552855357184310,
0,21236441,552855352336129,552855352336129,0,552855353555560,552855353560300,552855354273425,552855354430873,552855372241794,552855353507383,8260495,552855356683112,552855357820508,552855357980925,552855362681029,552855367339414,21511,179115,552855367339414,552855363211498,552855384654570,552855362681029,
0,21236448,552855360588199,552855368848188,0,552855369988373,552855369992487,552855370547956,552855370693945,552855380502289,552855369730195,8259989,552855372444206,552855372502643,552855372676029,552855377465300,552855383664050,24740,186510,552855383664050,552855377961185,552855392832487,552855377465300,
0,21236457,552855377115126,552855377115126,0,552855377773477,552855377778893,552855378734987,552855378851654,552855397034832,552855377713320,8260642,552855380604414,552855380687435,552855380874727,552855385643685,552855391511914,21875,144271,552855391511914,552855386047383,552855401093998,552855385643685,
0,21236465,552855385397344,552855385397344,0,552855386012123,552855386017852,552855390923581,552855391111602,552855405295474,552855385947800,8261583,552855395388425,552855395490820,552855395721498,552855400798216,552855405994727,27864,222448,552855405994727,552855401339102,552855417658425,552855400798216,
0,21236473,552855393669885,552855393669885,0,552855397653425,552855397657070,552855398303581,552855398407539,552855421848759,552855397610404,8262157,552855399853320,552855401425977,552855401650404,552855406337643,552855413888060,19531,171093,552855413888060,552855406789258,552855425915873,552855406337643,
0,21236480,552855401923587,552855401923587,0,552855409940768,552855409943789,552855411893841,552855412040820,552855430110916,552855409894310,8261859,552855414589727,552855414652591,552855414811445,552855420318216,552855427384414,24010,270000,552855427384414,552855421026602,552855434125091,552855420318216,
0,21236489,552855418435346,552855418435346,0,552855418920664,552855418925612,552855419661029,552855419787435,552855438372775,552855418857904,8261238,552855421710925,552855421799466,552855422102070,552855428225091,552855435857852,29479,208803,552855435857852,552855428796393,552855442425404,552855428225091,
0,21236497,552855426697317,552855426697317,0,552855427224831,552855427229518,552855427925716,552855428079310,552855446634013,552855427175925,8261243,552855429788893,552855429843477,552855429997175,552855434645143,552855442999206,23541,1062032,552855442999206,552855436175716,552855450636445,552855434645143,
0,21236505,552855434963349,552855434963349,0,552855435537643,552855435542018,552855436356289,552855436525977,552855454895256,552855435488737,8261626,552855438069831,552855438135664,552855438315039,552855445012852,552855451813529,18125,205365,552855451813529,552855445546498,552855458919779,552855445012852,
0,21236513,552855443212117,552855443212117,0,552855444053789,552855444060768,552855448063216,552855448264206,552855463156882,552855443936498,8260964,552855451461810,552855451641654,552855452198685,552855456605873,552855461259050,19844,201562,552855461259050,552855457116133,552855475424102,552855456605873,
0,21236521,552855451472119,552855451472119,0,552855454693737,552855454705977,552855458891654,552855459062695,552855471417846,552855454614570,8260912,552855461771081,552855461884362,552855462116602,552855469200664,552855476606393,36875,215989,552855476606393,552855469682227,552855483685508,552855469200664,
0,21236528,552855459725354,552855459725354,0,552855462963945,552855462967279,552855463610352,552855463719102,552855496182433,552855462928685,8260667,552855465453008,552855469809050,552855470011081,552855475246393,552855482858112,12969,1224688,552855482858112,552855476745560,552855491945977,552855475246393,
0,21236536,552855467986021,552855467986021,0,552855471051237,552855471055560,552855471966289,552855472263477,552855504443100,552855470993685,8260667,552855475259310,552855476936445,552855477190768,552855482436654,552855490323945,19636,282917,552855490323945,552855483026550,552855500203060,552855482436654,
0,21236544,552855476241567,552855476241567,0,552855478350091,552855478354258,552855478968893,552855479105664,552855512703767,552855478306654,8260427,552855481098789,552855483177643,552855483392175,552855491227695,552855498592852,11979,198385,552855498592852,552855491713945,552855508516654,552855491227695,
0,21236552,552855484487922,552855484487922,0,552855487684258,552855487690300,552855488531445,552855488673685,552855520964194,552855487610612,8259541,552855490619466,552855491817487,552855492066706,552855496389831,552855505600977,12396,2024531,552855505600977,552855498748112,552855516725925,552855496389831,
0,21236560,552855492742961,552855492742961,0,552855495590612,552855495597435,552855496448320,552855496627331,552855529223735,552855495529206,8259349,552855499708008,552855499782227,552855499952331,552855505840091,552855513204258,21250,231406,552855513204258,552855506388268,552855524993789,552855505840091,
0,21236568,552855500994961,552855500994961,0,552855501684310,552855501689831,552855502403581,552855502584258,552855537483084,552855501624570,8258872,552855505156498,552855506522175,552855506730352,552855512172070,552855518907904,12761,646459,552855518907904,552855513305873,552855533253789,552855512172070,
0,21236576,552855509245434,552855509245434,0,552855510063425,552855510067643,552855510866393,552855511018477,552855545741956,552855510011133,8258259,552855513035143,552855513425195,552855513672956,552855519177748,552855526547643,17708,174948,552855526547643,552855519577175,552855541482122,552855519177748,
0,21236584,552855517508964,552855517508964,0,552855518380873,552855518388841,552855520888998,552855521033789,552855554000215,552855518304050,8258350,552855521974466,552855522075352,552855522282852,552855526184518,552855533774154,23073,197916,552855533774154,552855526669466,552855549755195,552855526184518,
0,21236592,552855525759087,552855525759087,0,552855526273685,552855526279362,552855529749258,552855529899831,552855562258565,552855526214050,8257684,552855530459154,552855530568945,552855530835664,552855538291185,552855542051393,26458,184427,552855542051393,552855538806550,552855557986393,552855538291185,
0,21236600,552855534021317,552855534021317,0,552855534929518,552855534936185,552855562606133,552855562719570,552855570516249,552855534840716,8258034,552855567468789,552855567536341,552855567720612,552855574170820,552855578905143,31771,195469,552855578905143,552855574694050,552855591095195,552855574170820,
0,21236609,552855550525815,552855567040045,0,552855569488945,552855569492852,552855570913893,552855571029883,552855595236187,552855569254935,8257115,552855571441966,552855574838268,552855575058372,552855583201654,552855587224831,13229,177239,552855587224831,552855583650039,552855599383425,552855583201654,
0,21236616,552855575288751,552855575288751,0,552855576247175,552855576251654,552855576254727,552855576419727,552855603493302,552855576198320,8256459,552855577630664,552855583770300,552855583926393,552855590635925,552855593613997,14166,168229,552855593613997,552855591080352,552855607580925,552855590635925,
0,21236624,552855583545210,552855583545210,0,552855585173997,552855585179675,552855585188164,552855585377018,552855611749761,552855585118320,8256459,552855586619518,552855591222747,552855591355247,552855597024414,552855600896341,13125,247344,552855600896341,552855597651550,552855615857227,552855597024414,
0,21236632,552855591810175,552855591810175,0,552855594583893,552855594589831,552855594592904,552855594761029,552855620006220,552855594518268,8257219,552855595694102,552855597801602,552855597986550,552855603054102,552855605782070,12656,170208,552855605782070,552855603508685,552855624117852,552855603054102,
0,21236640,552855600092823,552855600092823,0,552855600741810,552855600746914,552855600749831,552855600986706,552855628263439,552855600683685,8258698,552855601918477,552855603605716,552855603797539,552855609405560,552855613467122,17916,170261,552855613467122,552855609834727,552855632369987,552855609405560,
0,21236648,552855608367216,552855608367216,0,552855609238633,552855609245091,552855609248060,552855609419935,552855636522137,552855609174154,8259392,552855610275925,552855610346550,552855610577331,552855617133008,552855621204727,359479,153542,552855621204727,552855617518425,552855640610768,552855617133008,
0,21236656,552855616622692,552855616622692,0,552855617332643,552855617337591,552855617340612,552855617498841,552855644781529,552855617271654,8259146,552855618450456,552855618564310,552855618745768,552855624898893,552855629125977,26875,194063,552855629125977,552855625364779,552855648900404,552855624898893,
0,21236664,552855624889669,552855624889669,0,552855625774258,552855625779779,552855625782279,552855625943529,552855653040675,552855625706602,8259695,552855626714570,552855626784154,552855626989570,552855633969935,552855638082747,100156,181250,552855638082747,552855634452643,552855657117591,552855633969935,
0,21236672,552855633156537,552855633156537,0,552855633884258,552855633888529,552855633891081,552855634042122,552855661300370,552855633829050,8260241,552855634755664,552855634821497,552855635025039,552855642700456,552855646556706,562396,198073,552855646556706,552855643160716,552855665412070,552855642700456,
0,21236680,552855641414734,552855641414734,0,552855642068737,552855642073060,552855642075612,552855642213841,552855669560611,552855642019310,8260114,552855643061445,552855643273529,552855643479883,552855651463164,552855654907383,16354,173230,552855654907383,552855652118633,552855673655925,552855651463164,
0,21236688,552855649674218,552855649674218,0,552855650373737,552855650379518,552855650381966,552855650547747,552855677820725,552855650312695,8260258,552855651472331,552855652242852,552855652448268,552855658513008,552855662636133,16979,198750,552855662636133,552855659019727,552855681949206,552855658513008,
0,21236696,552855657934505,552855657934505,0,552855658565091,552855658570091,552855658572695,552855658717487,552855686080983,552855658512591,8260202,552855659585977,552855659652070,552855659875195,552855667028997,552855671129102,260885,210990,552855671129102,552855667589102,552855690177279,552855667028997,
0,21236704,552855666188341,552855666188341,0,552855666971862,552855666976654,552855666979154,552855667130664,552855694341185,552855666912018,8259937,552855668133425,552855668200716,552855668433268,552855674916758,552855679084935,111250,192708,552855679084935,552855675392852,552855698435195,552855674916758,
0,21236712,552855674448268,552855674448268,0,552855675057070,552855675062070,552855675064675,552855675200664,552855702601122,552855675006966,8259905,552855675982591,552855676111810,552855676302852,552855684552383,552855688210456,303594,180781,552855688210456,552855685048425,552855706705768,552855684552383,
0,21236720,552855682704849,552855682704849,0,552855683542695,552855683548164,552855683550612,552855683718945,552855710861027,552855683470091,8259706,552855684621445,552855685152539,552855685401914,552855691449987,552855695633112,17657,169115,552855695633112,552855691906758,552855714988945,552855691449987,
0,21236728,552855690968583,552855690968583,0,552855691607070,552855691611393,552855691613737,552855691750820,552855719120733,552855691555977,8259878,552855693633997,552855693725091,552855693977852,552855703351914,552855707137227,20886,235729,552855707137227,552855703891810,552855723256133,552855703351914,
0,21236736,552855699224864,552855699224864,0,552855700417070,552855700427800,552855700431029,552855700617956,552855727380611,552855700340872,8259641,552855701975091,552855704070352,552855704882747,552855718030872,552855721461393,20573,223281,552855721461393,552855718586289,552854558784571,552855718030872,
0,21236744,552855707488238,552855707488238,0,552855708365300,552855708371706,552855708374883,552855708555820,552855735640252,552855708303060,8260085,552855709629414,552855718772800,552855718969050,552855728282279,552855731238216,15521,319166,552855731238216,552855728867904,552854566989779,552855728282279,
0,21236752,552855715747847,552855715747847,0,552855722781289,552855722787122,552855722790143,552855722964518,552855743900337,552855722705143,8260059,552855723990820,552855728983945,552855729223477,552855735339206,552855737932122,18646,228073,552855737932122,552855735840195,552854599991758,552855735339206,
0,21236760,552855724013545,552855724013545,0,552855730465091,552855730470039,552855730473060,552855730629987,552855735680211,552855730410195,8260410,552855731571445,552855735987435,552855736254727,552855744608945,552854605320873,18334,265365,552854605320873,552855745218789,552854616509883,552855744608945,
---PROFILEDATA---


View hierarchy:

  com.paifa.ubikitouch/com.paifa.ubikitouch.app.MainActivity/android.view.ViewRootImpl@875f473
  10 views, 19.06 kB of render nodes

  /android.view.ViewRootImpl@934d9ad
  3 views, 4.34 kB of render nodes


Total ViewRootImpl   : 2
Total attached Views : 13
Total RenderNode     : 23.40 kB (used) / 67.04 kB (capacity)

