Applications Graphics Acceleration Info:
Uptime: 562715072 Realtime: 610240150

** Graphics info for pid 13529 [com.paifa.ubikitouch] **

Stats since: 562677277238272ns
Total frames rendered: 1237
Janky frames: 159 (12.85%)
Janky frames (legacy): 1169 (94.50%)
50th percentile: 18ms
90th percentile: 27ms
95th percentile: 30ms
99th percentile: 38ms
Number Missed Vsync: 9
Number High input latency: 2116
Number Slow UI thread: 151
Number Slow bitmap uploads: 0
Number Slow issue draw commands: 158
Number Frame deadline missed: 159
Number Frame deadline missed (legacy): 198
HISTOGRAM: 5ms=0 6ms=0 7ms=0 8ms=3 9ms=17 10ms=17 11ms=22 12ms=62 13ms=83 14ms=82 15ms=47 16ms=102 17ms=143 18ms=72 19ms=43 20ms=65 21ms=48 22ms=69 23ms=54 24ms=50 25ms=65 26ms=44 27ms=31 28ms=32 29ms=16 30ms=20 31ms=7 32ms=15 34ms=9 36ms=6 38ms=1 40ms=1 42ms=3 44ms=2 46ms=1 48ms=0 53ms=2 57ms=2 61ms=0 65ms=0 69ms=1 73ms=0 77ms=0 81ms=0 85ms=0 89ms=0 93ms=0 97ms=0 101ms=0 105ms=0 109ms=0 113ms=0 117ms=0 121ms=0 125ms=0 129ms=0 133ms=0 150ms=0 200ms=0 250ms=0 300ms=0 350ms=0 400ms=0 450ms=0 500ms=0 550ms=0 600ms=0 650ms=0 700ms=0 750ms=0 800ms=0 850ms=0 900ms=0 950ms=0 1000ms=0 1050ms=0 1100ms=0 1150ms=0 1200ms=0 1250ms=0 1300ms=0 1350ms=0 1400ms=0 1450ms=0 1500ms=0 1550ms=0 1600ms=0 1650ms=0 1700ms=0 1750ms=0 1800ms=0 1850ms=0 1900ms=0 1950ms=0 2000ms=0 2050ms=0 2100ms=0 2150ms=0 2200ms=0 2250ms=0 2300ms=0 2350ms=0 2400ms=0 2450ms=0 2500ms=0 2550ms=0 2600ms=0 2650ms=0 2700ms=0 2750ms=0 2800ms=0 2850ms=0 2900ms=0 2950ms=0 3000ms=0 3050ms=0 3100ms=0 3150ms=0 3200ms=0 3250ms=0 3300ms=0 3350ms=0 3400ms=0 3450ms=0 3500ms=0 3550ms=0 3600ms=0 3650ms=0 3700ms=0 3750ms=0 3800ms=0 3850ms=0 3900ms=0 3950ms=0 4000ms=0 4050ms=0 4100ms=0 4150ms=0 4200ms=0 4250ms=0 4300ms=0 4350ms=0 4400ms=0 4450ms=0 4500ms=0 4550ms=0 4600ms=0 4650ms=0 4700ms=0 4750ms=0 4800ms=0 4850ms=0 4900ms=0 4950ms=0
50th gpu percentile: 7ms
90th gpu percentile: 10ms
95th gpu percentile: 12ms
99th gpu percentile: 15ms
GPU HISTOGRAM: 1ms=0 2ms=0 3ms=44 4ms=75 5ms=235 6ms=197 7ms=221 8ms=203 9ms=83 10ms=56 11ms=36 12ms=33 13ms=19 14ms=14 15ms=10 16ms=4 17ms=1 18ms=2 19ms=2 20ms=2 21ms=0 22ms=0 23ms=0 24ms=0 25ms=0 4950ms=0

Pipeline=Skia (OpenGL)
Memory policy:
  Max surface area: 2592000
  Max resource usage: 373.25MB (x144)
  Background retention: 50% (altUiHidden = true)
  GPU Context timeout: 10
Contexts: 2 (stopped = 0)
CPU Caches:
  Glyph Cache: 1.37 MB (1 entry)
  Shadows: 16.11 KB (13 entries)
  Glyph Count: 179 
Total CPU memory usage:
  1450203 bytes, 1.38 MB (0.00 bytes is purgeable)
GPU Caches:
  SW Path Mask:
    Texture: 1.47 MB (4 entries)
  Other:
    Other: 70.16 KB (1 entry)
    Buffer Object: 2.49 KB (4 entries)
    StencilAttachment: 8.00 MB (1 entry)
  Image:
    Texture: 406.33 KB (55 entries)
  Scratch:
    RenderTarget: 326.94 MB (348 entries)
    Buffer Object: 78.00 KB (2 entries)
    Texture: 8.28 MB (21 entries)
Total GPU memory usage:
  362004096 bytes, 345.23 MB (6.01 MB is purgeable)

Profile data in ms:

	com.paifa.ubikitouch/com.paifa.ubikitouch.app.MainActivity/android.view.ViewRootImpl@416ec7e (visibility=0)
Window: com.paifa.ubikitouch/com.paifa.ubikitouch.app.MainActivity
Stats since: 562677276273324ns
Total frames rendered: 0
Janky frames: 0 (0.00%)
Janky frames (legacy): 0 (0.00%)
50th percentile: 4950ms
90th percentile: 4950ms
95th percentile: 4950ms
99th percentile: 4950ms
Number Missed Vsync: 0
Number High input latency: 0
Number Slow UI thread: 0
Number Slow bitmap uploads: 0
Number Slow issue draw commands: 0
Number Frame deadline missed: 0
Number Frame deadline missed (legacy): 0
HISTOGRAM: 5ms=0 6ms=0 7ms=0 8ms=0 9ms=0 10ms=0 11ms=0 12ms=0 13ms=0 14ms=0 15ms=0 16ms=0 17ms=0 18ms=0 19ms=0 20ms=0 21ms=0 22ms=0 23ms=0 24ms=0 25ms=0 26ms=0 27ms=0 28ms=0 29ms=0 30ms=0 31ms=0 32ms=0 34ms=0 36ms=0 38ms=0 40ms=0 42ms=0 44ms=0 46ms=0 48ms=0 53ms=0 57ms=0 61ms=0 65ms=0 69ms=0 73ms=0 77ms=0 81ms=0 85ms=0 89ms=0 93ms=0 97ms=0 101ms=0 105ms=0 109ms=0 113ms=0 117ms=0 121ms=0 125ms=0 129ms=0 133ms=0 150ms=0 200ms=0 250ms=0 300ms=0 350ms=0 400ms=0 450ms=0 500ms=0 550ms=0 600ms=0 650ms=0 700ms=0 750ms=0 800ms=0 850ms=0 900ms=0 950ms=0 1000ms=0 1050ms=0 1100ms=0 1150ms=0 1200ms=0 1250ms=0 1300ms=0 1350ms=0 1400ms=0 1450ms=0 1500ms=0 1550ms=0 1600ms=0 1650ms=0 1700ms=0 1750ms=0 1800ms=0 1850ms=0 1900ms=0 1950ms=0 2000ms=0 2050ms=0 2100ms=0 2150ms=0 2200ms=0 2250ms=0 2300ms=0 2350ms=0 2400ms=0 2450ms=0 2500ms=0 2550ms=0 2600ms=0 2650ms=0 2700ms=0 2750ms=0 2800ms=0 2850ms=0 2900ms=0 2950ms=0 3000ms=0 3050ms=0 3100ms=0 3150ms=0 3200ms=0 3250ms=0 3300ms=0 3350ms=0 3400ms=0 3450ms=0 3500ms=0 3550ms=0 3600ms=0 3650ms=0 3700ms=0 3750ms=0 3800ms=0 3850ms=0 3900ms=0 3950ms=0 4000ms=0 4050ms=0 4100ms=0 4150ms=0 4200ms=0 4250ms=0 4300ms=0 4350ms=0 4400ms=0 4450ms=0 4500ms=0 4550ms=0 4600ms=0 4650ms=0 4700ms=0 4750ms=0 4800ms=0 4850ms=0 4900ms=0 4950ms=0
50th gpu percentile: 4950ms
90th gpu percentile: 4950ms
95th gpu percentile: 4950ms
99th gpu percentile: 4950ms
GPU HISTOGRAM: 1ms=0 2ms=0 3ms=0 4ms=0 5ms=0 6ms=0 7ms=0 8ms=0 9ms=0 10ms=0 11ms=0 12ms=0 13ms=0 14ms=0 15ms=0 16ms=0 17ms=0 18ms=0 19ms=0 20ms=0 21ms=0 22ms=0 23ms=0 24ms=0 25ms=0 4950ms=0



---PROFILEDATA---
Flags,FrameTimelineVsyncId,IntendedVsync,Vsync,InputEventId,HandleInputStart,AnimationStart,PerformTraversalsStart,DrawStart,FrameDeadline,FrameInterval,FrameStartTime,SyncQueued,SyncStart,IssueDrawCommandsStart,SwapBuffers,FrameCompleted,DequeueBufferDuration,QueueBufferDuration,GpuCompleted,SwapBuffersCompleted,DisplayPresentTime,CommandSubmissionCompleted,
---PROFILEDATA---


	/android.view.ViewRootImpl@6c7dce7 (visibility=0)
Window: 
Stats since: 562677277237855ns
Total frames rendered: 1237
Janky frames: 159 (12.85%)
Janky frames (legacy): 1169 (94.50%)
50th percentile: 18ms
90th percentile: 27ms
95th percentile: 30ms
99th percentile: 38ms
Number Missed Vsync: 9
Number High input latency: 2116
Number Slow UI thread: 151
Number Slow bitmap uploads: 0
Number Slow issue draw commands: 158
Number Frame deadline missed: 159
Number Frame deadline missed (legacy): 198
HISTOGRAM: 5ms=0 6ms=0 7ms=0 8ms=3 9ms=17 10ms=17 11ms=22 12ms=62 13ms=83 14ms=82 15ms=47 16ms=102 17ms=143 18ms=72 19ms=43 20ms=65 21ms=48 22ms=69 23ms=54 24ms=50 25ms=65 26ms=44 27ms=31 28ms=32 29ms=16 30ms=20 31ms=7 32ms=15 34ms=9 36ms=6 38ms=1 40ms=1 42ms=3 44ms=2 46ms=1 48ms=0 53ms=2 57ms=2 61ms=0 65ms=0 69ms=1 73ms=0 77ms=0 81ms=0 85ms=0 89ms=0 93ms=0 97ms=0 101ms=0 105ms=0 109ms=0 113ms=0 117ms=0 121ms=0 125ms=0 129ms=0 133ms=0 150ms=0 200ms=0 250ms=0 300ms=0 350ms=0 400ms=0 450ms=0 500ms=0 550ms=0 600ms=0 650ms=0 700ms=0 750ms=0 800ms=0 850ms=0 900ms=0 950ms=0 1000ms=0 1050ms=0 1100ms=0 1150ms=0 1200ms=0 1250ms=0 1300ms=0 1350ms=0 1400ms=0 1450ms=0 1500ms=0 1550ms=0 1600ms=0 1650ms=0 1700ms=0 1750ms=0 1800ms=0 1850ms=0 1900ms=0 1950ms=0 2000ms=0 2050ms=0 2100ms=0 2150ms=0 2200ms=0 2250ms=0 2300ms=0 2350ms=0 2400ms=0 2450ms=0 2500ms=0 2550ms=0 2600ms=0 2650ms=0 2700ms=0 2750ms=0 2800ms=0 2850ms=0 2900ms=0 2950ms=0 3000ms=0 3050ms=0 3100ms=0 3150ms=0 3200ms=0 3250ms=0 3300ms=0 3350ms=0 3400ms=0 3450ms=0 3500ms=0 3550ms=0 3600ms=0 3650ms=0 3700ms=0 3750ms=0 3800ms=0 3850ms=0 3900ms=0 3950ms=0 4000ms=0 4050ms=0 4100ms=0 4150ms=0 4200ms=0 4250ms=0 4300ms=0 4350ms=0 4400ms=0 4450ms=0 4500ms=0 4550ms=0 4600ms=0 4650ms=0 4700ms=0 4750ms=0 4800ms=0 4850ms=0 4900ms=0 4950ms=0
50th gpu percentile: 7ms
90th gpu percentile: 10ms
95th gpu percentile: 12ms
99th gpu percentile: 15ms
GPU HISTOGRAM: 1ms=0 2ms=0 3ms=44 4ms=75 5ms=235 6ms=197 7ms=221 8ms=203 9ms=83 10ms=56 11ms=36 12ms=33 13ms=19 14ms=14 15ms=10 16ms=4 17ms=1 18ms=2 19ms=2 20ms=2 21ms=0 22ms=0 23ms=0 24ms=0 25ms=0 4950ms=0



---PROFILEDATA---
Flags,FrameTimelineVsyncId,IntendedVsync,Vsync,InputEventId,HandleInputStart,AnimationStart,PerformTraversalsStart,DrawStart,FrameDeadline,FrameInterval,FrameStartTime,SyncQueued,SyncStart,IssueDrawCommandsStart,SwapBuffers,FrameCompleted,DequeueBufferDuration,QueueBufferDuration,GpuCompleted,SwapBuffersCompleted,DisplayPresentTime,CommandSubmissionCompleted,
0,21797701,562698267615482,562698267615482,0,562698268764097,562698268769097,562698271395295,562698271549930,562698295793346,562698268701805,8256487,562698272246128,562698272310243,562698272506441,562698275632639,562698279890399,17083,261406,562698279890399,562698276290503,562698299917639,562698275632639,
0,21797709,562698275871529,562698275871529,0,562698276810243,562698276817170,562698278096753,562698278242691,562698304049833,562698276732118,8256363,562698279851284,562698279924201,562698280117222,562698283443680,562698286182743,20312,201458,562698286182743,562698284079982,562698308225243,562698283443680,
0,21797717,562698284125360,562698284125360,0,562698285048732,562698285054514,562698285925555,562698286105451,562698312306196,562698284963472,8256282,562698287506284,562698287571337,562698287818107,562698290954462,562698293586180,21198,209115,562698293586180,562698291577951,562698316448159,562698290954462,
0,21797725,562698292372707,562698292372707,0,562698292999201,562698293004930,562698294065868,562698294241232,562698320562478,562698292935139,8255712,562698296120712,562698296207170,562698296393264,562698300337587,562698304841597,25261,192188,562698304841597,562698301020399,562698324592326,562698300337587,
0,21797733,562698300621935,562698300621935,0,562698301431962,562698301440191,562698302566909,562698302745139,562698328818190,562698301351597,8255383,562698304986284,562698305066284,562698305235139,562698308694514,562698313204357,22187,207500,562698313204357,562698309440243,562698332894618,562698308694514,
0,21797741,562698308890646,562698308890646,0,562698309769357,562698309777951,562698310927534,562698311156076,562698337073573,562698309666493,8256069,562698313210399,562698313298159,562698313475972,562698320490243,562698323290451,24427,266198,562698323290451,562698321213628,562698341118316,562698320490243,
0,21797749,562698317171045,562698317171045,0,562698317819618,562698317824045,562698318702951,562698318910451,562698345329642,562698317764357,8257426,562698320421337,562698321355764,562698321604409,562698326144097,562698331190764,18177,182812,562698331190764,562698326705295,562698349410555,562698326144097,
0,21797757,562698325442539,562698325442539,0,562698326055191,562698326059722,562698327041232,562698327259045,562698353587068,562698326002066,8258304,562698329154357,562698329271857,562698329529149,562698334814462,562698339241649,28750,214532,562698339241649,562698335423316,562698357633732,562698334814462,
0,21797765,562698333682782,562698333682782,0,562698334448107,562698334454305,562698335732430,562698335922743,562698361845372,562698334381545,8257270,562698337754462,562698337826962,562698338049722,562698341584149,562698346306649,22917,190989,562698346306649,562698342125712,562698365906024,562698341584149,
0,21797773,562698341934553,562698341934553,0,562698343472222,562698343494722,562698344845399,562698345042534,562698370102642,562698343223107,8256899,562698347015712,562698347131128,562698347325191,562698351303784,562698355698472,850104,175417,562698355698472,562698351777326,562698374148055,562698351303784,
0,21797781,562698350180376,562698350180376,0,562698352851857,562698352858732,562698364350503,562698364508784,562698378359541,562698352775868,8256250,562698366475764,562698366651805,562698366925399,562698372595712,562698375345555,27760,238906,562698375345555,562698373187587,562698390724514,562698372595712,
0,21797789,562698358434375,562698366690422,0,562698369213316,562698369219514,562698370111545,562698370262430,562698386615791,562698368876337,8256047,562698371597534,562698373320034,562698373558003,562698376217899,562698378841649,14115,153178,562698378841649,562698376647274,562698398938732,562698376217899,
0,21797797,562698374946243,562698374946243,0,562698375557170,562698375562639,562698376545243,562698376804409,562698394871838,562698375497691,8256396,562698378153732,562698378220243,562698378453420,562698381621441,562698387101961,39375,278437,562698387101961,562698382267482,562698407167222,562698381621441,
0,21797805,562698383202639,562698383202639,0,562698384270347,562698384276128,562698385180347,562698385342326,562698403128234,562698384206649,8256396,562698386705764,562698386765191,562698386977066,562698395254982,562698398478680,22657,448229,562698398478680,562698396302899,562698415412430,562698395254982,
0,21797813,562698391445199,562698391445199,0,562698392377691,562698392384253,562698393417691,562698393589357,562698411384630,562698392306597,8255437,562698395659201,562698396485503,562698396865451,562698400138576,562698405025659,23073,250729,562698405025659,562698400815399,562698423666545,562698400138576,
0,21797821,562698399715536,562698399715536,0,562698400770034,562698400781701,562698402163264,562698402366076,562698419640067,562698400666597,8256361,562698404761909,562698404868472,562698405089409,562698408888628,562698411630347,28802,238386,562698411630347,562698409520555,562698431906597,562698408888628,
0,21797829,562698407964650,562698407964650,0,562698409102222,562698409108316,562698410537274,562698410739670,562698427896428,562698409029722,8255784,562698412690607,562698412794514,562698413063576,562698416938420,562698422153107,20521,250000,562698422153107,562698417639826,562698440201753,562698416938420,
0,21797852,562698424459636,562698424459636,-801311948,562698426456545,562698427601336,562698428555972,562698428685764,562698436126302,562698426418680,8254877,562698430122847,562698430225555,562698430564618,562698433751024,562698438699201,27865,270677,562698438699201,562698434544097,562698448420191,562698433751024,
0,21797867,562698432704924,562698432704924,-121587692,562698433315503,562698434398107,562698435147430,562698435287534,562698452636056,562698433266649,8254246,562698436864045,562698436985816,562698437271701,562698445320764,562698448628993,35104,220938,562698448628993,562698445842222,562698464952430,562698445320764,
0,21797882,562698440948030,562698440948030,-422326804,562698442304201,562698446204201,562698447062586,562698447239514,562698460890302,562698442178211,8253529,562698448823055,562698448923264,562698449147274,562698452733941,562698456342222,21615,316094,562698456342222,562698453738420,562698473237691,562698452733941,
0,21797896,562698449203924,562698449203924,-519738215,562698449661024,562698450482482,562698453990139,562698454298159,562698469143831,562698449627951,8253621,562698456167326,562698456277170,562698456572430,562698461520295,562698466221805,30520,265834,562698466221805,562698462283628,562698481498941,562698461520295,
0,21797911,562698457457545,562698457457545,-209443873,562698458784670,562698460714461,562698461552274,562698461693107,562698477397452,562698458722743,8253621,562698463457378,562698463548628,562698463739566,562698467415816,562698472346649,22656,237761,562698472346649,562698468096284,562698489720139,562698467415816,
0,21797926,562698465700273,562698465700273,-874642284,562698466369774,562698467582326,562698468375607,562698468522639,562698485651073,562698466296336,8252871,562698470106232,562698470204045,562698470486857,562698474785711,562698480645607,34739,194740,562698480645607,562698475431753,562698497960503,562698474785711,
0,21797941,562698473948265,562698473948265,-359959088,562698474677170,562698476251753,562698477294357,562698477474097,562698493903944,562698474614045,8252349,562698479852534,562698479957222,562698480368576,562698489063732,562698495996805,54010,294844,562698495996805,562698489884461,562698506250711,562698489063732,
0,21797956,562698482202385,562698482202385,-208238184,562698483266389,562698484849878,562698485823524,562698486009618,562698510371978,562698483202586,8252097,562698487766753,562698490033732,562698490284722,562698493614982,562698500535972,16823,2153750,562698500535972,562698496102639,562698514550451,562698493614982,
0,21797971,562698490470019,562698490470019,-927430154,562698491313680,562698493331284,562698494232170,562698494407795,562698518624075,562698491246128,8253028,562698496044305,562698496250764,562698496449670,562698499461336,562698505728889,22448,846927,562698505728889,562698500646336,562698522987743,562698499461336,
0,21797986,562698498737263,562698498737263,-407593918,562698499384722,562698500770399,562698501662691,562698501820868,562698526877103,562698499325347,8254239,562698503770711,562698503876909,562698504145139,562698513051024,562698520593264,30521,240781,562698520593264,562698513875868,562698530983680,562698513051024,
0,21798001,562698506998085,562698506998085,-88689459,562698507868472,562698509237639,562698510099826,562698510244826,562698535131342,562698507799618,8254967,562698511912430,562698514139878,562698514486805,562698517878784,562698525043889,16563,2403542,562698525043889,562698520762170,562698539328993,562698517878784,
0,21798016,562698515252433,562698515252433,-370013833,562698515903941,562698517898472,562698519002222,562698519209305,562698543386309,562698515841701,8254755,562698521072014,562698521264826,562698521545868,562698524940816,562698531856961,35469,219583,562698531856961,562698525711701,562698547502326,562698524940816,
0,21798031,562698523523012,562698523523012,-387014646,562698524724514,562698526770347,562698532259618,562698532453628,562698551641064,562698524633732,8255676,562698535520034,562698535596128,562698535796597,562698545583993,562698550097222,25989,205677,562698550097222,562698546072170,562698564171284,562698545583993,
0,21798046,562698531829182,562698531829182,-689691068,562698537316336,562698538698159,562698539668732,562698539870972,562698559896740,562698537262951,8258352,562698541798211,562698546209045,562698546405972,562698550338889,562698556451701,11823,172656,562698556451701,562698550812014,562698572340399,562698550338889,
0,21798061,562698540077801,562698540077801,-634793149,562698547247847,562698548833159,562698549914722,562698550095451,562698568155092,562698547196857,8258056,562698552478316,562698552578941,562698552811649,562698558418576,562698570729670,35417,209792,562698570729670,562698558985868,562698580538055,562698558418576,
0,21798090,562698556601216,562698556601216,-809677169,562698559942743,562698561500764,562698562817066,562698562994722,562698584776691,562698559899201,8258480,562698565352014,562698565450451,562698565723003,562698572416389,562698583636232,27708,347032,562698583636232,562698573173524,562698588842586,562698572416389,
0,21798105,562698564848598,562698564848598,-611132391,562698566653472,562698568334982,562698578935816,562698579257066,562698593035171,562698566596284,8258041,562698584639722,562698584749514,562698584993941,562698589934357,562698596358628,23698,382188,562698596358628,562698590807222,562698605326493,562698589934357,
0,21798120,562698573132853,562698581392362,-53421120,562698586798524,562698588390555,562698589165503,562698589315139,562698609547428,562698586492170,8259509,562698590823055,562698590960920,562698591192847,562698596752586,562698607920243,26666,223229,562698607920243,562698597343784,562698613626493,562698596752586,
0,21798157,562698597909453,562698597909453,-170724108,562698598546024,562698600186076,562698601333836,562698601507482,562698617806937,562698598500034,8260035,562698603532847,562698603602378,562698603825399,562698610112274,562698616888836,30729,319792,562698616888836,562698611012847,562698630095243,562698610112274,
0,21798172,562698606165927,562698606165927,-650356517,562698606979513,562698609070295,562698616413993,562698616629670,562698626066972,562698606913368,8259952,562698620529982,562698620618836,562698620817951,562698627478628,562698633904357,25104,369323,562698633904357,562698628299670,562698646561649,562698627478628,
0,21798186,562698614411226,562698614411226,-918858591,562698622691336,562698624140972,562698628205451,562698628436336,562698650872401,562698622623472,8259211,562698629807795,562698629877066,562698630075920,562698638256284,562698648215399,24896,220937,562698648215399,562698638712847,562698654874201,562698638256284,
0,21798208,562698630926855,562698630926855,-559188501,562698631615191,562698632880034,562698634148732,562698634269045,562698659131612,562698631565034,8259045,562698635884097,562698638872743,562698639077378,562698642314357,562698657954774,12604,5745990,562698657954774,562698648455347,562698663094774,562698642314357,
0,21798223,562698639185900,562698639185900,-812476689,562698639889566,562698641495763,562698642373159,562698642534566,562698667390657,562698639838316,8259045,562698643838576,562698648602013,562698648839826,562698654762638,562698667509930,13386,2850729,562698667509930,562698658204201,562698671383576,562698654762638,
0,21798238,562698647424803,562698647424803,-276403259,562698649756232,562698651860191,562698663482743,562698663665295,562698683888746,562698649695086,8257947,562698665811388,562698665900399,562698666098263,562698671056388,562698677301909,22031,234271,562698677301909,562698671677534,562698687861805,562698671056388,
0,21798253,562698655657479,562698663914186,-779658175,562698667940607,562698669224618,562698669916076,562698670011180,562698692146693,562698667447170,8256707,562698671235243,562698671794045,562698672045243,562698677134878,562698686726284,19948,320365,562698686726284,562698677834566,562698696243316,562698677134878,
0,21798283,562698680397619,562698680397619,0,562698680920295,562698680924201,562698683243993,562698683362326,562698700403400,562698680875763,8254928,562698684451805,562698684534878,562698684752743,562698689647743,562698700200972,23385,228281,562698700200972,562698690374930,562698704411649,562698689647743,
0,21798291,562698688650773,562698688650773,0,562698689369461,562698689376180,562698690748472,562698690896232,562698708658328,562698689300034,8254744,562698692760607,562698692884982,562698693219670,562698698593524,562698710083107,39375,1428906,562698710083107,562698700446336,562698712649253,562698698593524,
0,21798299,562698696896746,562698696896746,0,562698697904097,562698697911545,562698699115503,562698699337534,562698725081671,562698697815711,8254242,562698701293263,562698701383576,562698701588836,562698707028263,562698719005138,22813,2739271,562698719005138,562698710319982,562698720886076,562698707028263,
0,21798307,562698705169185,562698705169185,0,562698706169513,562698706176493,562698717265816,562698717453993,562698733335913,562698706092795,8254833,562698719693420,562698719807430,562698720133159,562698725280399,562698730739878,37135,322657,562698730739878,562698726031441,562698745698316,562698725280399,
0,21798315,562698713416160,562698721670269,0,562698723403472,562698723409045,562698724518576,562698724709878,562698741590746,562698723024774,8254109,562698726589409,562698726660972,562698726813211,562698733264253,562698740282170,19948,161146,562698740282170,562698733762326,562698753951597,562698733264253,
0,21798322,562698729916396,562698729916396,0,562698730493888,562698730497951,562698731475763,562698731585243,562698749844855,562698730425399,8253510,562698732938107,562698733925868,562698734137691,562698739731805,562698749110086,18646,315938,562698749110086,562698740480034,562698762234409,562698739731805,
0,21798330,562698738169906,562698738169906,0,562698739044253,562698739051545,562698740518316,562698740726649,562698758098365,562698738968993,8253510,562698743282951,562698743400138,562698743801336,562698749691128,562698761306441,22135,239792,562698761306441,562698750288055,562698770426441,562698749691128,
0,21798338,562698746417528,562698746417528,0,562698747535607,562698747556024,562698765660086,562698765865347,562698774597102,562698747286753,8253187,562698770423732,562698770532222,562698770742222,562698776550138,562698781711909,28230,250990,562698781711909,562698777164357,562698795199253,562698776550138,
0,21798346,562698754704613,562698771215565,0,562698774844722,562698774863732,562698776173836,562698776354566,562698799350129,562698773015868,8255476,562698778277951,562698778344357,562698778513524,562698783328628,562698790010243,25416,199271,562698790010243,562698783906284,562698803518993,562698783328628,
0,21798354,562698779479171,562698779479171,0,562698780161909,562698780166545,562698780901180,562698781022482,562698807605605,562698780097899,8255714,562698782311388,562698784152847,562698784344097,562698791589513,562698797464722,17916,416094,562698797464722,562698792414826,562698811771493,562698791589513,
0,21798362,562698787734885,562698787734885,0,562698788861441,562698788868732,562698790787899,562698790984305,562698815861319,562698788751597,8255714,562698793213316,562698793292691,562698793562013,562698801236545,562698808927066,510053,237135,562698808927066,562698801918784,562698819962638,562698801236545,
0,21798370,562698795974959,562698795974959,0,562698796970399,562698796978211,562698798361336,562698798756857,562698824117033,562698796878888,8254815,562698801080659,562698802069722,562698802315138,562698807857951,562698819538732,16667,883698,562698819538732,562698809333628,562698828286493,562698807857951,
0,21798378,562698804241211,562698804241211,0,562698805060503,562698805068524,562698806995191,562698807378576,562698832371848,562698804977378,8255742,562698809711753,562698809795295,562698810008003,562698815488680,562698828375555,91511,3790468,562698828375555,562698819792743,562698836482795,562698815488680,
0,21798386,562698812511702,562698812511702,0,562698813845399,562698813855086,562698815181597,562698815415399,562698840627590,562698813759305,8256525,562698817592013,562698819930086,562698820187743,562698825554826,562698837241961,18645,2570364,562698837241961,562698828581649,562698844803420,562698825554826,
0,21798394,562698820771802,562698820771802,0,562698821582065,562698821596128,562698837317170,562698837555190,562698848884115,562698821516232,8256585,562698840576076,562698840683576,562698840941545,562698846163368,562698851865190,33542,289895,562698851865190,562698846849253,562698861251232,562698846163368,
0,21798402,562698829023396,562698837279876,0,562698843408940,562698843414670,562698844270190,562698844375503,562698865464808,562698843131597,8256480,562698845724045,562698846993211,562698847185451,562698854153107,562698861379305,16563,294843,562698861379305,562698854940711,562698869470190,562698854153107,
0,21798410,562698845542613,562698845542613,0,562698848156857,562698848160034,562698848775503,562698848892222,562698873721288,562698848096857,8256970,562698850681180,562698855125451,562698855432274,562698861854357,562698870515868,14323,164114,562698870515868,562698862349253,562698877732795,562698861854357,
0,21798425,562698853799583,562698853799583,0,562698856864461,562698856869461,562698858186701,562698858646805,562698881978258,562698856793472,8256970,562698861382274,562698862469826,562698862626180,562698867080243,562698876892899,12240,3251927,562698876892899,562698870741649,562698886048055,562698867080243,
0,21798433,562698862064222,562698862064222,0,562698864069722,562698864080243,562698865384201,562698865656805,562698890235228,562698863949045,8257344,562698867664149,562698870890659,562698871150190,562698875650868,562698884491545,21563,1069011,562698884491545,562698877078472,562698894256388,562698875650868,
0,21798441,562698870307056,562698870307056,0,562698876751024,562698876756545,562698877553888,562698877697326,562698898492572,562698876692378,8256474,562698879213159,562698879300763,562698879539045,562698885334982,562698892964722,25729,320000,562698892964722,562698886306909,562698902523211,562698885334982,
0,21798449,562698878549546,562698878549546,0,562698880756388,562698880762638,562698881795920,562698881976440,562698906749046,562698880684461,8255838,562698884269670,562698886458315,562698886685503,562698892743784,562698900748472,17188,319166,562698900748472,562698893486232,562698910787222,562698892743784,
0,21798457,562698886789992,562698886789992,0,562698887944826,562698887949253,562698888775399,562698888934930,562698915004884,562698887903315,8254919,562698890866805,562698893615190,562698893867482,562698899706284,562698908372743,14844,677448,562698908372743,562698900913055,562698919133940,562698899706284,
0,21798465,562698895047697,562698895047697,0,562698895727847,562698895734670,562698897009826,562698897324774,562698923259803,562698895661857,8254980,562698899482378,562698901088003,562698901308628,562698909205607,562698916437430,18854,214323,562698916437430,562698909726649,562698927314097,562698909205607,
0,21798473,562698903290905,562698903290905,0,562698904315868,562698904320920,562698905242586,562698905378888,562698931514783,562698904244670,8254153,562698906729670,562698909897743,562698910109461,562698914661805,562698921897638,15573,1598854,562698921897638,562698916640555,562698935546076,562698914661805,
0,21798481,562698911553734,562698911553734,0,562698912446545,562698912454670,562698913753472,562698913921909,562698939768936,562698912359670,8254967,562698915904461,562698916774409,562698917016284,562698921985920,562698928806701,19115,177292,562698928806701,562698922503055,562698943865190,562698921985920,
0,21798489,562698919807919,562698919807919,0,562698920852847,562698920858940,562698924696597,562698924937065,562698948023903,562698920776805,8254910,562698926760920,562698926863263,562698927072013,562698931655034,562698937142847,30730,170156,562698937142847,562698932163524,562698952110659,562698931655034,
0,21798497,562698928078363,562698928078363,0,562698930134357,562698930139826,562698942998107,562698943142586,562698956278813,562698930054670,8255586,562698945639774,562698945762065,562698945954305,562698952348680,562698957394670,30573,197760,562698957394670,562698952873472,562698968575711,562698952348680,
0,21798505,562698936328050,562698944583095,0,562698948850815,562698948855190,562698949628576,562698949736388,562698972767373,562698948517586,8255045,562698950954201,562698953005659,562698953295607,562698959171388,562698966558732,21615,210834,562698966558732,562698959677638,562698976831388,562698959171388,
0,21798513,562698952845264,562698952845264,0,562698954436701,562698954441909,562698955417795,562698955551545,562698981022418,562698954376232,8255445,562698957503003,562698959871493,562698960106284,562698964349305,562698974005711,14270,2001407,562698974005711,562698966708055,562698985081388,562698964349305,
0,21798521,562698961100709,562698961100709,0,562698962390711,562698962396909,562698963689930,562698963866857,562698989277863,562698962315815,8255445,562698965832430,562698966826284,562698966989618,562698971565815,562698979446753,12136,2320000,562698979446753,562698974270243,562698993341649,562698971565815,
0,21798529,562698969369480,562698969369480,0,562698970350086,562698970355763,562698971780034,562698971966128,562698997533308,562698970282847,8256330,562698973957065,562698974426336,562698974695711,562698982304201,562698990600190,438021,244270,562698990600190,562698983474982,562699001583940,562698982304201,
0,21798537,562698977615066,562698977615066,0,562698978640868,562698978646128,562698979606493,562698979773940,562699005789638,562698978557222,8255613,562698981226909,562698983641805,562698983966805,562698990390138,562698997818888,59792,259063,562698997818888,562698991175243,562699009915972,562698990390138,
0,21798545,562698985862424,562698985862424,0,562698986641857,562698986647326,562698987952951,562698988430190,562699014045251,562698986580451,8255022,562698993136284,562698993248159,562698993503159,562698997726128,562699003718628,20000,153854,562699003718628,562698998419305,562699018136128,562698997726128,
0,21798553,562698994118648,562698994118648,0,562698996891753,562698996900555,562698998061961,562698998234045,562699022300273,562698996793836,8255269,562699001052638,562699001141284,562699001329618,562699007046597,562699014127847,22344,191562,562699014127847,562699007517743,562699026368159,562699007046597,
0,21798561,562699002376688,562699002376688,0,562699003219357,562699003227795,562699004391545,562699004638211,562699030555542,562699003157222,8255618,562699006842951,562699007634722,562699007841336,562699013053420,562699019507013,17553,830000,562699019507013,562699014280503,562699034640711,562699013053420,
0,21798569,562699010622400,562699010622400,0,562699011299409,562699011308211,562699012335711,562699012601336,562699038811160,562699011242586,8254938,562699014101909,562699014413107,562699014649565,562699019468888,562699025593472,18958,231667,562699025593472,562699020138315,562699042911284,562699019468888,
0,21798577,562699018897170,562699018897170,0,562699019731128,562699019738420,562699021155659,562699021384149,562699047066098,562699019619305,8256252,562699023449305,562699023526493,562699023738732,562699029094670,562699035551597,20156,187188,562699035551597,562699029610763,562699051131805,562699029094670,
0,21798585,562699027153914,562699027153914,0,562699029404357,562699029410555,562699030509878,562699030713420,562699055322350,562699029330243,8256231,562699032826388,562699033015295,562699034194149,562699041142482,562699048500555,57083,929167,562699048500555,562699042417690,562699059405815,562699041142482,
0,21798593,562699035415467,562699035415467,0,562699036054201,562699036060347,562699037148263,562699037339253,562699063578581,562699035961232,8256865,562699039673420,562699042612847,562699042805763,562699049162274,562699056061961,16823,286094,562699056061961,562699049864045,562699067640138,562699049162274,
0,21798601,562699043671437,562699043671437,0,562699044718472,562699044726388,562699045704878,562699045915763,562699071835446,562699044647378,8256818,562699048430555,562699050025659,562699050248055,562699054548003,562699061361492,16614,1394636,562699061361492,562699056276388,562699075938420,562699054548003,
0,21798609,562699051924995,562699051924995,0,562699055745190,562699055752013,562699056750190,562699056921440,562699080092264,562699055664045,8256414,562699058489097,562699058608263,562699058779930,562699065502690,562699072512534,37708,261146,562699072512534,562699067104565,562699084154461,562699065502690,
0,21798617,562699060170142,562699060170142,0,562699061923263,562699061928940,562699063296649,562699063513784,562699088348678,562699061853159,8255555,562699066733420,562699067234357,562699067431545,562699073204357,562699078601857,15521,196614,562699078601857,562699073696024,562699092409253,562699073204357,
0,21798625,562699068427935,562699068427935,0,562699069201180,562699069211440,562699070232742,562699070425190,562699096604233,562699069122274,8255748,562699072352742,562699073832690,562699074064409,562699078465763,562699085326336,11823,184375,562699085326336,562699078913263,562699100680295,562699078465763,
0,21798633,562699076673823,562699076673823,0,562699079069409,562699079077378,562699080393420,562699080582951,562699104859981,562699078986649,8254989,562699082176753,562699082278055,562699082603472,562699086637482,562699093119617,42344,156302,562699093119617,562699087072638,562699108918263,562699086637482,
0,21798641,562699084930812,562699084930812,0,562699087384357,562699087391284,562699088374826,562699088522742,562699113114970,562699087313888,8254915,562699090124305,562699090214201,562699090419305,562699094796961,562699101794617,23541,159323,562699101794617,562699095254774,562699117202795,562699094796961,
0,21798649,562699093179004,562699093179004,0,562699096056232,562699096061597,562699096829670,562699097004045,562699121369885,562699095951701,8254375,562699098634201,562699098741857,562699098962482,562699105035138,562699110361180,24583,200990,562699110361180,562699105647951,562699125442378,562699105035138,
0,21798657,562699101441518,562699101441518,0,562699102428055,562699102435607,562699105226805,562699105377742,562699129624260,562699102355815,8255212,562699106142326,562699106211440,562699107079774,562699113022742,562699118311492,19479,198802,562699118311492,562699113619201,562699133740711,562699113022742,
0,21798665,562699109697381,562699109697381,0,562699110271284,562699110276701,562699113491388,562699113722847,562699137879472,562699110213420,8255235,562699114420815,562699114477899,562699114698732,562699125118367,562699129483055,645625,237239,562699129483055,562699125637586,562699141942847,562699125118367,
0,21798673,562699117945068,562699117945068,0,562699118735399,562699118741961,562699146524461,562699146659045,562699146134707,562699118670034,8254635,562699150643420,562699150710138,562699150934097,562699157498628,562699161710347,39792,218125,562699161710347,562699158072065,562699175017742,562699157498628,
0,21798682,562699134471215,562699150983173,0,562699152580920,562699152584565,562699153732430,562699153849930,562699179139544,562699152316388,8255979,562699154243107,562699158173367,562699158372430,562699165616336,562699168968992,13802,174427,562699168968992,562699165995295,562699183331180,562699165616336,
0,21798689,562699159247762,562699159247762,0,562699161148211,562699161154409,562699161157534,562699161362795,562699187395523,562699161056545,8256388,562699162256545,562699166123680,562699166253784,562699172955138,562699176706545,11927,185833,562699176706545,562699173432534,562699191534201,562699172955138,
0,21798697,562699167504150,562699167504150,0,562699168662742,562699168668576,562699168671545,562699168862170,562699195651911,562699168585347,8256388,562699169893992,562699173560555,562699173714253,562699179769357,562699182216128,12187,192187,562699182216128,562699180239305,562699199775867,562699179769357,
0,21798705,562699175752562,562699175752562,0,562699176612482,562699176618420,562699176621440,562699176818211,562699203908299,562699176523420,8255954,562699177616388,562699180371440,562699180557222,562699185461492,562699189403367,14427,139323,562699189403367,562699185834670,562699208163888,562699185461492,
0,21798713,562699184016219,562699184016219,0,562699184761128,562699184767795,562699184771284,562699184965347,562699212164253,562699184691961,8256274,562699185939982,562699186011805,562699186453524,562699194362534,562699197210347,792083,189740,562699197210347,562699194846232,562699216303420,562699194362534,
0,21798721,562699192295706,562699192295706,0,562699193095034,562699193100867,562699193103888,562699193277117,562699220420527,562699193026545,8257413,562699194448420,562699194960399,562699195128628,562699200461180,562699204328055,14428,166302,562699204328055,562699200869253,562699224618628,562699200461180,
0,21798729,562699200553098,562699200553098,0,562699201284982,562699201292065,562699201295190,562699201488888,562699228677940,562699201215815,8257319,562699202380242,562699202462899,562699202656805,562699211516649,562699214869409,627396,321614,562699214869409,562699212172117,562699232911805,562699211516649,
0,21798737,562699208816956,562699208816956,0,562699209575295,562699209581701,562699209584357,562699209787117,562699236935259,562699209506076,8257914,562699210780711,562699212345034,562699212634878,562699218571440,562699222415711,19167,198698,562699222415711,562699219034513,562699241074565,562699218571440,
0,21798745,562699217108621,562699217108621,0,562699217787899,562699217792326,562699217794617,562699217940711,562699245193173,562699217726805,8259753,562699218778472,562699219137013,562699219305086,562699225455086,562699229397795,274843,193438,562699229397795,562699226001180,562699249318211,562699225455086,
0,21798753,562699225363941,562699225363941,0,562699226182638,562699226189461,562699226192847,562699226393055,562699253452926,562699226104253,8259594,562699227333992,562699227403263,562699227597117,562699234259878,562699238213315,701354,182709,562699238213315,562699234715555,562699257577690,562699234259878,
0,21798761,562699233634728,562699233634728,0,562699234231857,562699234237899,562699234240295,562699234379357,562699261712520,562699234179670,8260295,562699235061180,562699235130659,562699235320503,562699243423576,562699247229878,516302,221875,562699247229878,562699243993680,562699265800607,562699243423576,
0,21798769,562699241913718,562699241913718,0,562699244071024,562699244077378,562699244079670,562699244248628,562699269972815,562699243970972,8261472,562699244970711,562699245026492,562699245208888,562699250868055,562699254919305,14479,170469,562699254919305,562699251308472,562699274103419,562699250868055,
0,21798777,562699250165363,562699250165363,0,562699250875607,562699250882170,562699250885555,562699251059878,562699278234287,562699250807274,8261058,562699252050972,562699252115972,562699252317482,562699259716597,562699263560867,538385,250729,562699263560867,562699260263367,562699282312378,562699259716597,
0,21798785,562699258416349,562699258416349,0,562699259210607,562699259215242,562699259217638,562699259363628,562699286495345,562699259154617,8260693,562699260248732,562699260398003,562699260619826,562699266262951,562699270267169,217552,169636,562699270267169,562699266696909,562699290678055,562699266262951,
0,21798793,562699266665392,562699266665392,0,562699267489878,562699267494878,562699267497222,562699267661076,562699294756038,562699267434982,8260105,562699268453055,562699268542951,562699268776128,562699276961753,562699280296492,129115,179479,562699280296492,562699277454669,562699298906232,562699276961753,
0,21798801,562699274912649,562699274912649,0,562699275835190,562699275841961,562699275844305,562699276065607,562699303016143,562699275755086,8259640,562699276888524,562699277557847,562699277786024,562699284660451,562699288546388,15417,237916,562699288546388,562699285148888,562699307156544,562699284660451,
0,21798809,562699283164997,562699283164997,0,562699283863419,562699283867586,562699283869982,562699284039461,562699311275783,562699283810086,8259217,562699284879617,562699285243888,562699285431388,562699292824774,562699296699513,155573,195417,562699296699513,562699293276024,562699315347482,562699292824774,
0,21798817,562699291406453,562699291406453,0,562699292496909,562699292502326,562699292505347,562699292692951,562699319535000,562699292423367,8258188,562699293762430,562699293845763,562699294033211,562699300081544,562699304198419,1043385,171719,562699304198419,562699300508940,562699323606284,562699300081544,
0,21798825,562699299672301,562699299672301,0,562699300489565,562699300496180,562699300499357,562699300701232,562699327793188,562699300411076,8258517,562699301622534,562699301682951,562699301871076,562699309087482,562699312916492,534219,162239,562699312916492,562699309518367,562699331846128,562699309087482,
0,21798833,562699307927761,562699307927761,0,562699308734201,562699308739826,562699308742742,562699308926232,562699336051705,562699308671336,8258151,562699309894774,562699310005294,562699310213940,562699317398576,562699321338419,507864,158437,562699321338419,562699317813107,562699340208732,562699317398576,
0,21798841,562699316184438,562699316184438,0,562699317046544,562699317051544,562699317054774,562699317222013,562699344309856,562699316983628,8257987,562699318219826,562699318331128,562699318585555,562699326130451,562699329745034,814635,211562,562699329745034,562699326583367,562699348360711,562699326130451,
0,21798849,562699324422255,562699324422255,0,562699325916961,562699325935555,562699325948992,562699326457899,562699352567843,562699325726076,8256629,562699328443680,562699328506909,562699328697742,562699334468524,562699338182899,18386,231563,562699338182899,562699334980138,562699356653367,562699334468524,
0,21798857,562699332666433,562699332666433,0,562699333385555,562699333389722,562699333392117,562699333544201,562699360824472,562699333323940,8255852,562699334263732,562699335117065,562699335305555,562699342690086,562699345766180,17865,164740,562699345766180,562699343131388,562699364878211,562699342690086,
0,21798865,562699340893479,562699340893479,0,562699342369044,562699342376544,562699342380034,562699342582222,562699369080324,562699342158940,8253649,562699343558576,562699343643315,562699343812482,562699349400503,562699353657117,16458,202760,562699353657117,562699349913419,562699373171701,562699349400503,
0,21798873,562699349158806,562699349158806,0,562699349939982,562699349944149,562699349946649,562699350117586,562699377333973,562699349887378,8254077,562699350951701,562699351282274,562699351508419,562699358726284,562699362540711,20729,176511,562699362540711,562699359193107,562699381377482,562699358726284,
0,21798881,562699357406813,562699357406813,0,562699358229878,562699358234826,562699358237065,562699358382222,562699385588050,562699358173940,8253820,562699359171284,562699359289513,562699359478419,562699364137326,562699366408940,496823,206250,562699366408940,562699364506388,562698266856389,562699364137326,
0,21798889,562699365656912,562699365656912,0,562699366251649,562699366256909,562699366259513,562699366406597,562699393841870,562699366195867,8253386,562699366763680,562699366848784,562699367021961,562699371123628,562699374680607,890573,180469,562699374680607,562699371534930,562698275085503,562699371123628,
0,21798933,562707719683558,562707719683558,0,562707721582843,562707721597375,562707763390343,562707763568937,562707736350224,562707720538052,16666666,562707768066333,562707768142739,562707768573833,562707775259458,562707790132010,153593,360104,562707790132010,562707776376489,562698283330243,562707775259458,
0,21798940,562707759474332,562707759474332,0,562707771397323,562707771399823,562707772670864,562707772817791,562707819683554,562707771338937,16666666,562707772989250,562707776514041,562707776746489,562707779636906,562707794783208,15573,10495156,562707794783208,562707790487427,562698291575503,562707779636906,
---PROFILEDATA---


View hierarchy:

  com.paifa.ubikitouch/com.paifa.ubikitouch.app.MainActivity/android.view.ViewRootImpl@416ec7e
  10 views, 19.06 kB of render nodes

  /android.view.ViewRootImpl@6c7dce7
  9 views, 18.43 kB of render nodes


Total ViewRootImpl   : 2
Total attached Views : 19
Total RenderNode     : 37.49 kB (used) / 81.13 kB (capacity)

