Applications Graphics Acceleration Info:
Uptime: 552604433 Realtime: 600129511

** Graphics info for pid 26758 [com.paifa.ubikitouch] **

Stats since: 552598510701439ns
Total frames rendered: 576
Janky frames: 96 (16.67%)
Janky frames (legacy): 557 (96.70%)
50th percentile: 19ms
90th percentile: 27ms
95th percentile: 29ms
99th percentile: 38ms
Number Missed Vsync: 18
Number High input latency: 946
Number Slow UI thread: 86
Number Slow bitmap uploads: 0
Number Slow issue draw commands: 95
Number Frame deadline missed: 96
Number Frame deadline missed (legacy): 109
HISTOGRAM: 5ms=0 6ms=0 7ms=1 8ms=1 9ms=9 10ms=6 11ms=7 12ms=24 13ms=35 14ms=57 15ms=38 16ms=39 17ms=43 18ms=25 19ms=17 20ms=27 21ms=43 22ms=31 23ms=19 24ms=27 25ms=38 26ms=22 27ms=16 28ms=9 29ms=16 30ms=7 31ms=1 32ms=2 34ms=6 36ms=3 38ms=2 40ms=2 42ms=0 44ms=0 46ms=1 48ms=1 53ms=0 57ms=1 61ms=0 65ms=0 69ms=0 73ms=0 77ms=0 81ms=0 85ms=0 89ms=0 93ms=0 97ms=0 101ms=0 105ms=0 109ms=0 113ms=0 117ms=0 121ms=0 125ms=0 129ms=0 133ms=0 150ms=0 200ms=0 250ms=0 300ms=0 350ms=0 400ms=0 450ms=0 500ms=0 550ms=0 600ms=0 650ms=0 700ms=0 750ms=0 800ms=0 850ms=0 900ms=0 950ms=0 1000ms=0 1050ms=0 1100ms=0 1150ms=0 1200ms=0 1250ms=0 1300ms=0 1350ms=0 1400ms=0 1450ms=0 1500ms=0 1550ms=0 1600ms=0 1650ms=0 1700ms=0 1750ms=0 1800ms=0 1850ms=0 1900ms=0 1950ms=0 2000ms=0 2050ms=0 2100ms=0 2150ms=0 2200ms=0 2250ms=0 2300ms=0 2350ms=0 2400ms=0 2450ms=0 2500ms=0 2550ms=0 2600ms=0 2650ms=0 2700ms=0 2750ms=0 2800ms=0 2850ms=0 2900ms=0 2950ms=0 3000ms=0 3050ms=0 3100ms=0 3150ms=0 3200ms=0 3250ms=0 3300ms=0 3350ms=0 3400ms=0 3450ms=0 3500ms=0 3550ms=0 3600ms=0 3650ms=0 3700ms=0 3750ms=0 3800ms=0 3850ms=0 3900ms=0 3950ms=0 4000ms=0 4050ms=0 4100ms=0 4150ms=0 4200ms=0 4250ms=0 4300ms=0 4350ms=0 4400ms=0 4450ms=0 4500ms=0 4550ms=0 4600ms=0 4650ms=0 4700ms=0 4750ms=0 4800ms=0 4850ms=0 4900ms=0 4950ms=0
50th gpu percentile: 7ms
90th gpu percentile: 11ms
95th gpu percentile: 13ms
99th gpu percentile: 16ms
GPU HISTOGRAM: 1ms=0 2ms=0 3ms=41 4ms=39 5ms=96 6ms=102 7ms=86 8ms=65 9ms=41 10ms=31 11ms=24 12ms=21 13ms=8 14ms=8 15ms=6 16ms=3 17ms=3 18ms=0 19ms=0 20ms=1 21ms=0 22ms=0 23ms=0 24ms=1 25ms=0 4950ms=0

Pipeline=Skia (OpenGL)
Memory policy:
  Max surface area: 2592000
  Max resource usage: 373.25MB (x144)
  Background retention: 50% (altUiHidden = true)
  GPU Context timeout: 10
Contexts: 2 (stopped = 0)
CPU Caches:
  Glyph Cache: 549.77 KB (1 entry)
  Shadows: 8.70 KB (7 entries)
  Glyph Count: 101 
Total CPU memory usage:
  571870 bytes, 558.47 KB (0.00 bytes is purgeable)
GPU Caches:
  SW Path Mask:
    Texture: 1.45 MB (3 entries)
  Other:
    Other: 62.48 KB (1 entry)
    Buffer Object: 2.49 KB (4 entries)
    StencilAttachment: 8.00 MB (1 entry)
  Image:
    Texture: 397.82 KB (54 entries)
  Scratch:
    RenderTarget: 327.34 MB (389 entries)
    Buffer Object: 78.00 KB (2 entries)
    Texture: 8.20 MB (29 entries)
Total GPU memory usage:
  362309312 bytes, 345.53 MB (5.89 MB is purgeable)

Profile data in ms:

	com.paifa.ubikitouch/com.paifa.ubikitouch.app.MainActivity/android.view.ViewRootImpl@875f473 (visibility=0)
Window: com.paifa.ubikitouch/com.paifa.ubikitouch.app.MainActivity
Stats since: 552598510058835ns
Total frames rendered: 0
Janky frames: 0 (0.00%)
Janky frames (legacy): 0 (0.00%)
50th percentile: 4950ms
90th percentile: 4950ms
95th percentile: 4950ms
99th percentile: 4950ms
Number Missed Vsync: 0
Number High input latency: 0
Number Slow UI thread: 0
Number Slow bitmap uploads: 0
Number Slow issue draw commands: 0
Number Frame deadline missed: 0
Number Frame deadline missed (legacy): 0
HISTOGRAM: 5ms=0 6ms=0 7ms=0 8ms=0 9ms=0 10ms=0 11ms=0 12ms=0 13ms=0 14ms=0 15ms=0 16ms=0 17ms=0 18ms=0 19ms=0 20ms=0 21ms=0 22ms=0 23ms=0 24ms=0 25ms=0 26ms=0 27ms=0 28ms=0 29ms=0 30ms=0 31ms=0 32ms=0 34ms=0 36ms=0 38ms=0 40ms=0 42ms=0 44ms=0 46ms=0 48ms=0 53ms=0 57ms=0 61ms=0 65ms=0 69ms=0 73ms=0 77ms=0 81ms=0 85ms=0 89ms=0 93ms=0 97ms=0 101ms=0 105ms=0 109ms=0 113ms=0 117ms=0 121ms=0 125ms=0 129ms=0 133ms=0 150ms=0 200ms=0 250ms=0 300ms=0 350ms=0 400ms=0 450ms=0 500ms=0 550ms=0 600ms=0 650ms=0 700ms=0 750ms=0 800ms=0 850ms=0 900ms=0 950ms=0 1000ms=0 1050ms=0 1100ms=0 1150ms=0 1200ms=0 1250ms=0 1300ms=0 1350ms=0 1400ms=0 1450ms=0 1500ms=0 1550ms=0 1600ms=0 1650ms=0 1700ms=0 1750ms=0 1800ms=0 1850ms=0 1900ms=0 1950ms=0 2000ms=0 2050ms=0 2100ms=0 2150ms=0 2200ms=0 2250ms=0 2300ms=0 2350ms=0 2400ms=0 2450ms=0 2500ms=0 2550ms=0 2600ms=0 2650ms=0 2700ms=0 2750ms=0 2800ms=0 2850ms=0 2900ms=0 2950ms=0 3000ms=0 3050ms=0 3100ms=0 3150ms=0 3200ms=0 3250ms=0 3300ms=0 3350ms=0 3400ms=0 3450ms=0 3500ms=0 3550ms=0 3600ms=0 3650ms=0 3700ms=0 3750ms=0 3800ms=0 3850ms=0 3900ms=0 3950ms=0 4000ms=0 4050ms=0 4100ms=0 4150ms=0 4200ms=0 4250ms=0 4300ms=0 4350ms=0 4400ms=0 4450ms=0 4500ms=0 4550ms=0 4600ms=0 4650ms=0 4700ms=0 4750ms=0 4800ms=0 4850ms=0 4900ms=0 4950ms=0
50th gpu percentile: 4950ms
90th gpu percentile: 4950ms
95th gpu percentile: 4950ms
99th gpu percentile: 4950ms
GPU HISTOGRAM: 1ms=0 2ms=0 3ms=0 4ms=0 5ms=0 6ms=0 7ms=0 8ms=0 9ms=0 10ms=0 11ms=0 12ms=0 13ms=0 14ms=0 15ms=0 16ms=0 17ms=0 18ms=0 19ms=0 20ms=0 21ms=0 22ms=0 23ms=0 24ms=0 25ms=0 4950ms=0



---PROFILEDATA---
Flags,FrameTimelineVsyncId,IntendedVsync,Vsync,InputEventId,HandleInputStart,AnimationStart,PerformTraversalsStart,DrawStart,FrameDeadline,FrameInterval,FrameStartTime,SyncQueued,SyncStart,IssueDrawCommandsStart,SwapBuffers,FrameCompleted,DequeueBufferDuration,QueueBufferDuration,GpuCompleted,SwapBuffersCompleted,DisplayPresentTime,CommandSubmissionCompleted,
---PROFILEDATA---


	/android.view.ViewRootImpl@934d9ad (visibility=0)
Window: 
Stats since: 552598510701231ns
Total frames rendered: 577
Janky frames: 96 (16.64%)
Janky frames (legacy): 558 (96.71%)
50th percentile: 19ms
90th percentile: 27ms
95th percentile: 29ms
99th percentile: 38ms
Number Missed Vsync: 18
Number High input latency: 947
Number Slow UI thread: 86
Number Slow bitmap uploads: 0
Number Slow issue draw commands: 95
Number Frame deadline missed: 96
Number Frame deadline missed (legacy): 110
HISTOGRAM: 5ms=0 6ms=0 7ms=1 8ms=1 9ms=9 10ms=6 11ms=7 12ms=24 13ms=35 14ms=57 15ms=38 16ms=39 17ms=43 18ms=25 19ms=17 20ms=27 21ms=43 22ms=31 23ms=19 24ms=27 25ms=39 26ms=22 27ms=16 28ms=9 29ms=16 30ms=7 31ms=1 32ms=2 34ms=6 36ms=3 38ms=2 40ms=2 42ms=0 44ms=0 46ms=1 48ms=1 53ms=0 57ms=1 61ms=0 65ms=0 69ms=0 73ms=0 77ms=0 81ms=0 85ms=0 89ms=0 93ms=0 97ms=0 101ms=0 105ms=0 109ms=0 113ms=0 117ms=0 121ms=0 125ms=0 129ms=0 133ms=0 150ms=0 200ms=0 250ms=0 300ms=0 350ms=0 400ms=0 450ms=0 500ms=0 550ms=0 600ms=0 650ms=0 700ms=0 750ms=0 800ms=0 850ms=0 900ms=0 950ms=0 1000ms=0 1050ms=0 1100ms=0 1150ms=0 1200ms=0 1250ms=0 1300ms=0 1350ms=0 1400ms=0 1450ms=0 1500ms=0 1550ms=0 1600ms=0 1650ms=0 1700ms=0 1750ms=0 1800ms=0 1850ms=0 1900ms=0 1950ms=0 2000ms=0 2050ms=0 2100ms=0 2150ms=0 2200ms=0 2250ms=0 2300ms=0 2350ms=0 2400ms=0 2450ms=0 2500ms=0 2550ms=0 2600ms=0 2650ms=0 2700ms=0 2750ms=0 2800ms=0 2850ms=0 2900ms=0 2950ms=0 3000ms=0 3050ms=0 3100ms=0 3150ms=0 3200ms=0 3250ms=0 3300ms=0 3350ms=0 3400ms=0 3450ms=0 3500ms=0 3550ms=0 3600ms=0 3650ms=0 3700ms=0 3750ms=0 3800ms=0 3850ms=0 3900ms=0 3950ms=0 4000ms=0 4050ms=0 4100ms=0 4150ms=0 4200ms=0 4250ms=0 4300ms=0 4350ms=0 4400ms=0 4450ms=0 4500ms=0 4550ms=0 4600ms=0 4650ms=0 4700ms=0 4750ms=0 4800ms=0 4850ms=0 4900ms=0 4950ms=0
50th gpu percentile: 7ms
90th gpu percentile: 11ms
95th gpu percentile: 13ms
99th gpu percentile: 16ms
GPU HISTOGRAM: 1ms=0 2ms=0 3ms=41 4ms=39 5ms=96 6ms=102 7ms=86 8ms=65 9ms=42 10ms=31 11ms=24 12ms=21 13ms=8 14ms=8 15ms=6 16ms=3 17ms=3 18ms=0 19ms=0 20ms=1 21ms=0 22ms=0 23ms=0 24ms=1 25ms=0 4950ms=0



---PROFILEDATA---
Flags,FrameTimelineVsyncId,IntendedVsync,Vsync,InputEventId,HandleInputStart,AnimationStart,PerformTraversalsStart,DrawStart,FrameDeadline,FrameInterval,FrameStartTime,SyncQueued,SyncStart,IssueDrawCommandsStart,SwapBuffers,FrameCompleted,DequeueBufferDuration,QueueBufferDuration,GpuCompleted,SwapBuffersCompleted,DisplayPresentTime,CommandSubmissionCompleted,
0,21225862,552603257573795,552603265834479,-723158454,552603266709562,552603270738781,552603271146021,552603271291854,552603285777406,552603266420240,8260684,552603273425708,552603273513417,552603273726594,552603278865812,552603286993000,28698,219479,552603286993000,552603279668677,552603298139250,552603278865812,
0,21225893,552603282348005,552603282348005,0,552603283680969,552603283684146,552603286590448,552603286688677,552603302283197,552603283647375,8260037,552603288755083,552603288823573,552603289041490,552603294165135,552603299212427,35781,249636,552603299212427,552603294792531,552603314602948,552603294165135,
0,21225901,552603290601226,552603290601226,0,552603292200240,552603292206542,552603293155708,552603293276073,552603310543234,552603292109510,8259489,552603294997583,552603295072740,552603295224198,552603299623208,552603305096021,16875,440313,552603305096021,552603300529250,552603322911021,552603299623208,
0,21225908,552603298852090,552603298852090,0,552603304468156,552603304473104,552603306676646,552603306800344,552603318802723,552603304414875,8258857,552603308183156,552603308247948,552603308390083,552603312602115,552603320835708,25573,231458,552603320835708,552603313181750,552603331174146,552603312602115,
0,21225916,552603307110947,552603307110947,0,552603310253312,552603310257062,552603310799094,552603310881698,552603335295327,552603310206802,8258857,552603312425865,552603313312115,552603313542583,552603317954198,552603330455292,21979,2596302,552603330455292,552603320925969,552603339397896,552603317954198,
0,21225924,552603315411854,552603315411854,0,552603316287687,552603316292740,552603318130604,552603318268312,552603343554184,552603316220396,8261681,552603319168573,552603321063469,552603321404146,552603326268781,552603340392479,26094,4110521,552603340392479,552603330785031,552603347730240,552603326268781,
0,21225932,552603323664867,552603323664867,0,552603324952323,552603324961333,552603331185552,552603331383573,552603351815865,552603324877844,8261176,552603334348990,552603334542740,552603334899458,552603343165865,552603348856229,41563,368907,552603348856229,552603343852479,552603364265552,552603343165865,
0,21225940,552603331933509,552603331933509,0,552603336346906,552603336354146,552603337244771,552603337377531,552603360077041,552603336282479,8261547,552603339214302,552603344038000,552603344339719,552603349153104,552603354392740,18125,184635,552603354392740,552603349635292,552603372449719,552603349153104,
0,21225948,552603340197653,552603340197653,0,552603345815135,552603345819823,552603346499250,552603346612844,552603368338588,552603345761906,8261552,552603348324042,552603349757323,552603349961906,552603354952323,552603365463729,16718,279428,552603365463729,552603355597792,552603380753677,552603354952323,
0,21225955,552603348453855,552603356715071,0,552603357755344,552603357765240,552603358714302,552603358829406,552603376600140,552603357211281,8261216,552603363352479,552603363439979,552603363625135,552603368543104,552603376516125,24896,230312,552603376516125,552603369143312,552603389031698,552603368543104,
0,21225964,552603364982946,552603364982946,0,552603368685292,552603368688990,552603371316542,552603371430552,552603384861356,552603368633833,8261283,552603373866229,552603373950448,552603374153312,552603379412844,552603387809094,27083,223854,552603387809094,552603379971385,552603397226698,552603379412844,
0,21225972,552603373260652,552603373260652,0,552603374908521,552603374911802,552603377657635,552603377750760,552603401433461,552603374870917,8262100,552603379191594,552603380220135,552603380423521,552603386792219,552603395689562,17136,744115,552603395689562,552603387955760,552603405505917,552603386792219,
0,21225980,552603381511520,552603389772872,0,552603390313990,552603390320865,552603391417010,552603391604094,552603409695561,552603389961021,8261352,552603396628365,552603396726333,552603396895344,552603403730969,552603409029406,23698,217865,552603409029406,552603404511698,552603422126646,552603403730969,
0,21225989,552603398050864,552603398050864,0,552603402452271,552603402456698,552603403101646,552603403213625,552603417956913,552603402390812,8262243,552603404940708,552603404998833,552603405173208,552603409863000,552603416339771,20000,185000,552603416339771,552603410353990,552603430292531,552603409863000,
0,21225996,552603406329068,552603406329068,0,552603406819875,552603406822948,552603407320500,552603407415865,552603426219156,552603406760448,8263941,552603409031177,552603410466802,552603410674250,552603416945708,552603427851958,24375,226979,552603427851958,552603417510396,552603438559614,552603416945708,
0,21226004,552603414593009,552603414593009,0,552603415681177,552603415687583,552603417083729,552603417293104,552603442787557,552603415617687,8263941,552603420065760,552603421016802,552603421352427,552603428743677,552603437267896,51094,229531,552603437267896,552603429353833,552603446831177,552603428743677,
0,21226012,552603422855126,552603422855126,0,552603424203625,552603424211073,552603425848833,552603426300396,552603451051498,552603423976854,8264022,552603430227219,552603430322323,552603430572375,552603435580344,552603445513156,15261,1511146,552603445513156,552603437432271,552603455074094,552603435580344,
0,21226020,552603431132958,552603431132958,0,552603431771021,552603431779094,552603433198937,552603433430812,552603459315520,552603431701802,8264672,552603436565969,552603437574979,552603437821854,552603445981021,552603452836073,17708,217343,552603452836073,552603446553052,552603463297739,552603445981021,
0,21226028,552603439386760,552603439386760,0,552603439910656,552603439914354,552603440710031,552603440872010,552603467580192,552603439859875,8264118,552603443084823,552603446757896,552603447088260,552603453285708,552603463564250,689375,287083,552603463564250,552603453919927,552603471578208,552603453285708,
0,21226036,552603447635997,552603447635997,0,552603448410187,552603448416437,552603458975760,552603459160448,552603475844310,552603448351802,8263241,552603462784927,552603462878312,552603463086021,552603469587844,552603475104198,26354,247604,552603475104198,552603470213364,552603488074562,552603469587844,
0,21226044,552603455899238,552603464162479,0,552603464945031,552603464948729,552603465726229,552603465829094,552603484107551,552603464613833,8263241,552603470971437,552603471064354,552603471305083,552603477441854,552603485562167,17761,307657,552603485562167,552603478162010,552603496353052,552603477441854,
0,21226052,552603472401276,552603472401276,0,552603473328000,552603473331646,552603474142062,552603474319875,552603500618868,552603473280448,8261956,552603476759979,552603478342635,552603478590812,552603484626021,552603491152948,20052,582500,552603491152948,552603485760864,552603504618208,552603484626021,
0,21226060,552603480663232,552603488925188,-797851642,552603494969302,552603495088833,552603497891437,552603498036646,552603508880824,552603494727479,8261956,552603498383469,552603498464250,552603498648260,552603501590656,552603504372375,24739,191354,552603504372375,552603502012062,552603521188052,552603501590656,
0,21226076,552603497152380,552603497152380,-42236415,552603503906125,552603505047479,552603507127531,552603507249354,552603517142780,552603503846333,8259819,552603509160344,552603509223677,552603509456073,552603514613469,552603522348573,27553,274948,552603522348573,552603515359302,552603529404458,552603514613469,
0,21226105,552603513667345,552603513667345,-544127792,552603516562583,552603518122167,552603525453312,552603525599823,552603541858322,552603516506073,8259598,552603529316646,552603529401594,552603529589094,552603534236750,552603538979042,27396,246041,552603538979042,552603534895552,552603554194510,552603534236750,
0,21226120,552603521915269,552603521915269,-829369061,552603530108104,552603531013469,552603533727844,552603533850187,552603550117920,552603530069614,8258732,552603534649510,552603535013000,552603535195292,552603540133833,552603544801021,18178,175677,552603544801021,552603540643417,552603562534875,552603540133833,
0,21226141,552603538442611,552603538442611,-146805300,552603539306385,552603540854667,552603541558521,552603541684042,552603558376652,552603539239094,8259118,552603544089354,552603544173729,552603544357896,552603550552062,552603555994562,25520,253750,552603555994562,552603551163729,552603570683885,552603550552062,
0,21226156,552603546701729,552603546701729,-912752844,552603554470708,552603555546489,552603555901802,552603556068625,552603566635770,552603554422479,8259118,552603557893573,552603557952844,552603558118937,552603563290656,552603569439146,25938,192552,552603569439146,552603563867062,552603579013781,552603563290656,
0,21226179,552603563211822,552603563211822,-1387591,552603564276594,552603565451802,552603567907375,552603568067583,552603583145749,552603564226021,8258444,552603570734771,552603570821698,552603570995187,552603576362635,552603581497323,24896,224375,552603581497323,552603576963677,552603595555604,552603576362635,
0,21226194,552603571498834,552603571498834,-881761321,552603571940083,552603573050969,552603576065969,552603576167531,552603591404193,552603571906437,8259870,552603577010396,552603577089719,552603577326802,552603582603885,552603588680500,17500,198177,552603588680500,552603583183885,552603603752271,552603582603885,
0,21226208,552603579755943,552603588015882,-738271432,552603589912792,552603590912167,552603591224510,552603591318260,552603599664063,552603589634979,8259939,552603592957062,552603593034198,552603593205969,552603598153781,552603606248937,28698,176667,552603606248937,552603598660917,552603612106437,552603598153781,
0,21226231,552603596281083,552603596281083,-751182689,552603597053729,552603598657375,552603599311542,552603599476646,552603624462365,552603596969614,8260052,552603602472792,552603602572687,552603602890552,552603608146646,552603612844042,28490,240625,552603612844042,552603608804042,552603628644146,552603608146646,
0,21226246,552603604556756,552603604556756,-281430598,552603605337739,552603606576489,552603609399302,552603609553937,552603632722417,552603605276854,8260840,552603610962271,552603611017427,552603611216489,552603615443989,552603621321698,21041,180208,552603621321698,552603615977687,552603636803417,552603615443989,
0,21226260,552603612817822,552603612817822,-810538199,552603613479614,552603614657375,552603618287167,552603618431281,552603640983257,552603613422792,8261034,552603619395187,552603619463208,552603619638989,552603624458312,552603630573573,25834,201042,552603630573573,552603625081750,552603645124823,552603624458312,
0,21226275,552603621078856,552603621078856,-493493479,552603621826646,552603622876385,552603625835187,552603625995031,552603649244291,552603621783364,8261034,552603628644094,552603628737323,552603629036489,552603634788521,552603642394146,34167,194636,552603642394146,552603635340864,552603653324823,552603634788521,
0,21226290,552603629353764,552603629353764,-736387155,552603630076906,552603631401698,552603632361229,552603632484458,552603657505325,552603630035760,8261557,552603634475917,552603635458989,552603635661646,552603640512635,552603649222583,20469,1641666,552603649222583,552603642522896,552603661602791,552603640512635,
0,21226305,552603637633073,552603637633073,-448786686,552603644795396,552603645807427,552603646135135,552603646238885,552603665766882,552603644748989,8262363,552603647973052,552603648090812,552603648265917,552603652503469,552603659474979,26771,251615,552603659474979,552603653150187,552603669934406,552603652503469,
0,21226335,552603654167458,552603654167458,-782364623,552603654749510,552603656062114,552603657493469,552603657606333,552603674029245,552603654701958,8263342,552603659075291,552603659128521,552603659359041,552603663779927,552603671209041,42292,367864,552603671209041,552603664552687,552603678148521,552603663779927,
0,21226350,552603662423403,552603662423403,-784431283,552603663076385,552603664696906,552603668190656,552603668384250,552603682292587,552603663013729,8263140,552603669682114,552603669802531,552603670153833,552603675340552,552603680165031,30157,210729,552603680165031,552603676185239,552603694628989,552603675340552,
0,21226365,552603670685118,552603670685118,-34170305,552603673170031,552603674450083,552603676886177,552603677010708,552603690555727,552603673104875,8263269,552603679094927,552603679163312,552603679367010,552603683805812,552603691448885,23958,231094,552603691448885,552603684509666,552603702893885,552603683805812,
0,21226379,552603678959392,552603678959392,-329625314,552603679826906,552603680746229,552603681214302,552603681299094,552603707141591,552603679798156,8263917,552603682891489,552603684658469,552603684876125,552603692808208,552603699763833,20364,186250,552603699763833,552603693334406,552603711168885,552603692808208,
0,21226394,552603687223309,552603687223309,-267453911,552603694139719,552603695242948,552603696567323,552603696714979,552603715405508,552603694078729,8263917,552603698472531,552603698587427,552603698828260,552603703497323,552603709523052,23438,260105,552603709523052,552603704128729,552603719439406,552603703497323,
0,21226424,552603703732774,552603703732774,-355032137,552603704558781,552603705559823,552603708845187,552603708976125,552603723669425,552603704511906,8263046,552603709985812,552603710067687,552603710293781,552603714855604,552603719387427,29166,244635,552603719387427,552603715631854,552603735997896,552603714855604,
0,21226439,552603711980593,552603711980593,-633228035,552603712901385,552603713906177,552603714395500,552603714524719,552603731932471,552603712843573,8262148,552603716424979,552603716478625,552603716651125,552603720948364,552603725407687,20937,165990,552603725407687,552603721447791,552603744247271,552603720948364,
0,21226453,552603720233333,552603720233333,-808159474,552603720908156,552603722314562,552603722681073,552603722782427,552603740194619,552603720850604,8261543,552603724722531,552603724821646,552603725032114,552603729800604,552603737181385,34323,232552,552603737181385,552603730454979,552603752476125,552603729800604,
0,21226468,552603728494876,552603728494876,-162522980,552603729359041,552603731172114,552603735127583,552603735330239,552603748456162,552603729295291,8261543,552603738988625,552603739075604,552603739352271,552603744173521,552603752403573,25313,252135,552603752403573,552603744836698,552603760988677,552603744173521,
0,21226483,552603736748731,552603736748731,-702858108,552603740295552,552603741564823,552603745402583,552603745562427,552603764946171,552603740253364,8261005,552603746647427,552603746751646,552603746956489,552603752593000,552603761417791,28854,247344,552603761417791,552603753265291,552603769075083,552603752593000,
0,21226498,552603745018896,552603753280401,-11539791,552603758813000,552603759964406,552603760439458,552603760559614,552603773207176,552603758480187,8261505,552603762376281,552603762449250,552603762616802,552603766852948,552603771399354,29166,238333,552603771399354,552603767493364,552603785539354,552603766852948,
0,21226528,552603769851689,552603769851689,0,552603771362271,552603771367323,552603772263052,552603772403208,552603781518355,552603771317948,8263927,552603774686802,552603774769146,552603775021594,552603779586281,552603788176698,45365,312709,552603788176698,552603780338156,552603793793000,552603779586281,
0,21226536,552603778115616,552603778115616,0,552603779000969,552603779007166,552603779972219,552603780175760,552603806310136,552603778929354,8263927,552603782098833,552603782190291,552603782555031,552603792488885,552603797402010,45729,214739,552603797402010,552603793071594,552603810388260,552603792488885,
0,21226544,552603786376083,552603786376083,0,552603787843573,552603787855812,552603790424094,552603790668781,552603814574063,552603787706698,8263534,552603792498469,552603793200239,552603793463833,552603797399666,552603800648781,27396,234895,552603800648781,552603798031177,552603818573469,552603797399666,
0,21226551,552603794631043,552603794631043,0,552603795139771,552603795143208,552603798603937,552603798745239,552603822837597,552603795099875,8263190,552603799618312,552603799680969,552603799844823,552603803247531,552603808413156,24011,237969,552603808413156,552603803829771,552603826809666,552603803247531,
0,21226559,552603802894233,552603802894233,0,552603803808521,552603803818156,552603805196646,552603805325656,552603831100787,552603803688469,8263190,552603807092114,552603807154458,552603807340344,552603810924198,552603817093885,22865,368230,552603817093885,552603813683364,552603835095291,552603810924198,
0,21226567,552603811150311,552603811150311,0,552603811986177,552603811990916,552603813209562,552603813345552,552603839363977,552603811898312,8263000,552603815106125,552603815589562,552603815796750,552603819191802,552603823652114,26198,230156,552603823652114,552603819726802,552603843480031,552603819191802,
0,21226575,552603819414725,552603819414725,0,552603820125708,552603820131385,552603820837219,552603820964614,552603847626977,552603820050656,8262900,552603822497323,552603822563989,552603822759614,552603826046594,552603832085760,23750,206979,552603832085760,552603826542583,552603851603104,552603826046594,
0,21226583,552603827673109,552603827673109,0,552603828521906,552603828530448,552603829518104,552603829690135,552603855889877,552603828427010,8262947,552603831883000,552603831950864,552603832323364,552603835771698,552603841673937,26511,273750,552603841673937,552603836346333,552603859870239,552603835771698,
0,21226591,552603835928271,552603835928271,0,552603837971698,552603837991906,552603841448521,552603841636385,552603864152824,552603837674719,8262914,552603843869823,552603844242896,552603844491125,552603847444250,552603853638521,42500,208073,552603853638521,552603847947219,552603868268625,552603847444250,
0,21226599,552603844177471,552603844177471,0,552603845789094,552603845793781,552603846729875,552603846908052,552603872415738,552603845736385,8262098,552603849525604,552603849642427,552603849947323,552603854068104,552603859377062,35625,241354,552603859377062,552603854666489,552603876375135,552603854068104,
0,21226607,552603852462636,552603852462636,0,552603853171958,552603853179146,552603854234041,552603854397635,552603880677836,552603853100187,8263377,552603856589666,552603856689146,552603856975135,552603860862583,552603869905031,37187,288333,552603869905031,552603863872062,552603884676802,552603860862583,
0,21226615,552603860707182,552603860707182,0,552603861494146,552603861506281,552603862768625,552603863011958,552603888941213,552603861370552,8262286,552603865557791,552603865664875,552603865977479,552603869652896,552603875400708,47292,299323,552603875400708,552603870334979,552603892926958,552603869652896,
0,21226623,552603868955458,552603868955458,0,552603869973781,552603869983729,552603874369979,552603874538312,552603897203499,552603869849823,8261449,552603876649510,552603876784771,552603877063208,552603881414302,552603884728937,43073,270729,552603884728937,552603882106646,552603901168364,552603881414302,
0,21226631,552603877243392,552603877243392,0,552603878134302,552603878138156,552603879068468,552603879216750,552603905464948,552603878084406,8263027,552603881230343,552603882301646,552603882542635,552603886199198,552603891611802,28125,285209,552603891611802,552603886896281,552603909485812,552603886199198,
0,21226639,552603885490490,552603885490490,0,552603892684041,552603892689250,552603893546489,552603893697687,552603913727975,552603892628416,8262236,552603895607062,552603895676489,552603895850708,552603899616281,552603906404718,35730,283802,552603906404718,552603900229823,552603917684771,552603899616281,
0,21226647,552603893740770,552603893740770,0,552603898422635,552603898426750,552603899023677,552603899131906,552603921990211,552603898361958,8261358,552603900567114,552603900643052,552603900838000,552603907813156,552603912370760,18177,369532,552603912370760,552603908664250,552603926020760,552603907813156,
0,21226655,552603901988114,552603901988114,0,552603902623781,552603902629458,552603903509302,552603903810604,552603930251569,552603902565968,8260309,552603906481906,552603908876021,552603909291541,552603913117427,552603919149614,37239,211511,552603919149614,552603913596489,552603934207531,552603913117427,
0,21226663,552603910232113,552603910232113,0,552603911069093,552603911074823,552603912136333,552603912286593,552603938511878,552603911016906,8259121,552603914213885,552603914272010,552603914493833,552603918801750,552603924282271,19896,257031,552603924282271,552603919418781,552603942601385,552603918801750,
0,21226671,552603918488840,552603918488840,0,552603920810656,552603920816177,552603921534302,552603921687791,552603946770999,552603920742010,8258644,552603923512062,552603923586593,552603923792531,552603927580604,552603933098833,34062,302448,552603933098833,552603928583989,552603950735083,552603927580604,
0,21226679,552603926737504,552603926737504,0,552603928477114,552603928487635,552603930051125,552603930281437,552603955029643,552603928358521,8257943,552603932932427,552603933023052,552603933238833,552603936883312,552603941902531,49583,239062,552603941902531,552603937454875,552603959008104,552603936883312,
0,21226687,552603935001442,552603935001442,0,552603935947739,552603935955031,552603938490343,552603938725135,552603963287586,552603935876125,8258019,552603941126593,552603941243000,552603941474510,552603945148833,552603950080291,35000,237447,552603950080291,552603945724406,552603967251437,552603945148833,
0,21226695,552603943242434,552603943242434,0,552603945977635,552603945984875,552603949874510,552603950038312,552603971545605,552603943998677,8256586,552603951163677,552603951270708,552603951507479,552603955239771,552603957952479,34948,236875,552603957952479,552603955961281,552603975524562,552603955239771,
0,21226703,552603951557157,552603951557157,0,552603955016333,552603955022375,552603956197896,552603956356125,552603979802191,552603954931906,8260947,552603957990708,552603958068625,552603958283416,552603961837218,552603966301698,42604,222760,552603966301698,552603962449198,552603983755396,552603961837218,
0,21226726,552603968070116,552603968070116,-49581576,552603970492427,552603971326385,552603972970291,552603973081958,552603988063138,552603970461073,8260627,552603974698156,552603974777427,552603975028833,552603978325916,552603982657739,45000,285573,552603982657739,552603979078989,552603992124510,552603978325916,
0,21226741,552603976317762,552603976317762,-361571254,552603977114614,552603978182948,552603983325291,552603983482948,552603996323765,552603977066073,8259720,552603986782531,552603986898312,552603987120656,552603990821958,552603993942479,31823,259896,552603993942479,552603991719666,552604008616333,552603990821958,
0,21226756,552603984581260,552603984581260,-244422114,552603988988573,552603990122323,552603990507583,552603990629250,552604004583485,552603988939718,8260215,552603992395968,552603992460812,552603992601021,552603995607010,552603998500812,17135,219740,552603998500812,552603996162271,552604016819927,552603995607010,
0,21226770,552603992826775,552603992826775,-765827886,552603996734041,552603997624718,552603997909614,552603998005187,552604012843700,552603996686958,8259209,552603999624823,552603999708989,552603999941802,552604003993468,552604007592739,28334,229688,552604007592739,552604004840916,552604025055916,552604003993468,
0,21226785,552604001085984,552604001085984,-877773537,552604002193260,552604003374823,552604003821281,552604003964718,552604021102909,552604002141541,8259209,552604006554927,552604006648937,552604006872843,552604014528729,552604019206281,29583,246094,552604019206281,552604015168677,552604033342218,552604014528729,
0,21226800,552604009354670,552604009354670,-571603941,552604010530343,552604012401646,552604013146021,552604013317166,552604029362118,552604010467427,8259412,552604015380760,552604015450968,552604015720187,552604019220448,552604023951750,17917,181822,552604023951750,552604019751229,552604041641125,552604019220448,
0,21226815,552604017619096,552604017619096,-347666927,552604018303625,552604019697166,552604023586229,552604023744041,552604037621530,552604018237427,8259505,552604025218677,552604025316593,552604025578625,552604029153052,552604033056437,33333,222760,552604033056437,552604029952218,552604049855916,552604029153052,
0,21226830,552604025888062,552604025888062,-564296862,552604027903260,552604029163000,552604029666333,552604029791333,552604045881035,552604027842062,8260543,552604031739666,552604031805656,552604031963416,552604034893833,552604039947427,50469,195417,552604039947427,552604035429041,552604058149198,552604034893833,
0,21226845,552604034130441,552604034130441,-157436585,552604034773416,552604036222479,552604036643260,552604036750968,552604054141578,552604034716958,8259342,552604038223781,552604038304146,552604038510239,552604042180760,552604048370187,30937,279271,552604048370187,552604042957739,552604066359979,552604042180760,
0,21226860,552604042381492,552604042381492,-728381748,552604043333416,552604044963156,552604045737843,552604045917531,552604062400920,552604043264666,8258672,552604048347271,552604048484093,552604048803364,552604052417896,552604058474302,33697,231354,552604058474302,552604053115500,552604074664510,552604052417896,
0,21226875,552604050663802,552604050663802,-994124553,552604051590916,552604053507166,552604054168364,552604054351125,552604070659592,552604051529979,8260540,552604057433416,552604057716489,552604058005135,552604062126489,552604068305968,49323,195052,552604068305968,552604062714406,552604083092271,552604062126489,
0,21226890,552604058912503,552604058912503,-725874376,552604059690864,552604061611593,552604062303260,552604062496698,552604078920132,552604059619093,8259673,552604065497062,552604065618312,552604065839614,552604069991489,552604073820343,32968,217240,552604073820343,552604070667166,552604091149823,552604069991489,
0,21226905,552604067175389,552604067175389,-881752022,552604067830135,552604069458468,552604069999666,552604070160812,552604087179805,552604067776177,8259832,552604072572843,552604072758833,552604072963208,552604076820031,552604082606073,29740,212396,552604082606073,552604077411698,552604099446281,552604076820031,
0,21226920,552604075424870,552604075424870,-606957171,552604076362687,552604077548885,552604078072166,552604078209093,552604095439637,552604076313468,8259181,552604080164875,552604080262896,552604080595396,552604085239771,552604092910552,37812,220990,552604092910552,552604085932531,552604107759875,552604085239771,
0,21226935,552604083682643,552604083682643,-358286270,552604084727531,552604086669198,552604087463885,552604087676489,552604103698818,552604084646021,8258891,552604090627531,552604090736073,552604090920343,552604094130448,552604099671385,30781,219583,552604099671385,552604094741073,552604115985500,552604094130448,
0,21226950,552604091987205,552604091987205,-768610401,552604093621541,552604095696645,552604098950239,552604099164875,552604111957709,552604093449823,8261547,552604105417323,552604105523520,552604105699145,552604112675135,552604118462375,28959,357448,552604118462375,552604113406073,552604132483937,552604112675135,
0,21226965,552604100232775,552604100232775,-802424893,552604106394406,552604108055656,552604109066125,552604109233989,552604136700059,552604106339510,8260500,552604112390916,552604113531073,552604113682531,552604117924406,552604123167323,12916,312396,552604123167323,552604118568781,552604140743781,552604117924406,
0,21226994,552604116765438,552604116765438,-755140963,552604119442479,552604120787531,552604121442323,552604121562010,552604144960559,552604119393052,8261209,552604123746073,552604123809145,552604123959823,552604129072323,552604138606125,63854,187239,552604138606125,552604129565135,552604148973104,552604129072323,
0,21227009,552604125026647,552604133287856,-11366880,552604134562166,552604136034927,552604136540656,552604136700395,552604153221768,552604134095239,8261209,552604138723104,552604138831750,552604139094510,552604145248833,552604151121593,27239,228542,552604151121593,552604145892791,552604165503573,552604145248833,
0,21227032,552604141560490,552604141560490,-215211401,552604142175864,552604143902895,552604147568104,552604147721750,552604161482977,552604142124562,8262323,552604151890343,552604151975291,552604152295864,552604156802843,552604166911073,34114,256355,552604166911073,552604157314458,552604173759250,552604156802843,
0,21227046,552604149816296,552604149816296,-920985817,552604154809562,552604156295708,552604156836177,552604156995343,552604186276448,552604154628260,8261998,552604158842427,552604158950135,552604159160083,552604163987531,552604175205395,36615,2560834,552604175205395,552604167083677,552604182115760,552604163987531,
0,21227061,552604158078294,552604158078294,-176429959,552604166196281,552604168245604,552604168667218,552604168775656,552604194538446,552604166147687,8261998,552604170299718,552604170365083,552604170535552,552604174827427,552604184643885,22865,292448,552604184643885,552604175498937,552604190314562,552604174827427,
0,21227084,552604174571826,552604174571826,-8852532,552604175164250,552604176156281,552604178872427,552604179007948,552604202800444,552604175123260,8260304,552604181550968,552604181655708,552604181884614,552604186610968,552604192878000,47709,309532,552604192878000,552604187326958,552604206998260,552604186610968,
0,21227099,552604182815463,552604182815463,-926707115,552604183460760,552604184998989,552604185501854,552604185622010,552604211060748,552604183415135,8259152,552604187321854,552604187442791,552604187634770,552604195118729,552604204452166,16250,201042,552604204452166,552604195699198,552604215061750,552604195118729,
0,21227113,552604191102520,552604191102520,-734626244,552604195453312,552604196463468,552604198630500,552604198759927,552604219319900,552604195410916,8260904,552604200282948,552604200362375,552604200583208,552604205908260,552604216564562,42969,202500,552604216564562,552604206476125,552604223415864,552604205908260,
0,21227128,552604199363424,552604199363424,-679342325,552604202621073,552604203520031,552604204032531,552604204153104,552604227580804,552604202574041,8260904,552604205747270,552604206568729,552604206753156,552604211595552,552604226591385,14844,4507291,552604226591385,552604216878312,552604231612791,552604211595552,
0,21227143,552604207628849,552604207628849,-177263514,552604208496906,552604210145864,552604210566541,552604210691906,552604235841708,552604208432635,8261318,552604212665552,552604217065187,552604217352739,552604223530343,552604237454927,32083,2739531,552604237454927,552604226944406,552604239846073,552604223530343,
0,21227158,552604215928350,552604215928350,-305213654,552604218352739,552604219979145,552604225612114,552604225826593,552604252340787,552604218307739,8263203,552604229235604,552604229374875,552604229720656,552604235860448,552604245195552,40781,1256615,552604245195552,552604237787270,552604256364666,552604235860448,
0,21227182,552604240691529,552604240691529,-284736744,552604241605864,552604241609666,552604242205291,552604242323781,552604260603990,552604241576333,8261839,552604243919354,552604243974198,552604244304979,552604248325968,552604255473573,33594,271406,552604255473573,552604248996593,552604264678000,552604248325968,
0,21227190,552604248953368,552604248953368,0,552604252716541,552604252720812,552604253269823,552604253381645,552604268865829,552604252676593,8261839,552604255138573,552604255235864,552604255447010,552604261020552,552604266420448,42813,263959,552604266420448,552604261690760,552604281148573,552604261020552,
0,21227198,552604257196833,552604257196833,0,552604257935083,552604257941125,552604260897583,552604261093573,552604277127668,552604257873573,8260804,552604262566750,552604262631958,552604262820656,552604267521802,552604273830916,17553,256666,552604273830916,552604268256750,552604289410031,552604267521802,
0,21227205,552604265444677,552604265444677,0,552604266211229,552604266215500,552604266982948,552604267067375,552604285388472,552604266161489,8260131,552604268825291,552604268886281,552604269081958,552604274333052,552604286025448,32604,252552,552604286025448,552604274932948,552604297680864,552604274333052,
0,21227213,552604273704808,552604273704808,0,552604274627114,552604274634875,552604278536229,552604278649979,552604301891736,552604274540760,8260131,552604280837635,552604280963416,552604281173104,552604286230968,552604295149145,31667,246771,552604295149145,552604286819458,552604306000916,552604286230968,
0,21227221,552604281959006,552604281959006,0,552604282452323,552604282456385,552604283303520,552604283398468,552604310151867,552604282406489,8259555,552604285432427,552604286949250,552604287118520,552604291875395,552604304578781,18698,2905260,552604304578781,552604295351073,552604314215447,552604291875395,
0,21227229,552604290206703,552604290206703,0,552604297707427,552604297712427,552604298337948,552604298469250,552604318411422,552604297651020,8258853,552604300556333,552604300628833,552604300865291,552604306911125,552604313805395,32292,323906,552604313805395,552604307545031,552604322512322,552604306911125,
0,21227237,552604298479964,552604298479964,0,552604303038000,552604303043104,552604303632166,552604303750604,552604326670275,552604302977270,8260208,552604305539875,552604307710604,552604307954093,552604313484979,552604323990239,17448,326459,552604323990239,552604314404354,552604330752895,552604313484979,
0,21227245,552604306729603,552604306729603,0,552604309177114,552604309182948,552604310047114,552604310231177,552604334930483,552604309115708,8259469,552604313525760,552604314536385,552604314738104,552604320882010,552604332871541,17135,2819740,552604332871541,552604324301645,552604338998781,552604320882010,
0,21227253,552604314997571,552604314997571,0,552604315969770,552604315976125,552604317345447,552604317557114,552604343189952,552604315874041,8259792,552604320698312,552604324511958,552604324844250,552604332274718,552604341724927,29115,329115,552604341724927,552604333024979,552604347297479,552604332274718,
0,21227261,552604323262151,552604323262151,0,552604326536333,552604326542791,552604334094041,552604334333260,552604351449744,552604326465083,8260226,552604338578520,552604338712218,552604338968625,552604345467062,552604351838312,49063,259010,552604351838312,552604346124927,552604363733416,552604345467062,
0,21227269,552604331530596,552604339791290,0,552604342950395,552604342966906,552604344145864,552604344306020,552604367969721,552604342239041,8260694,552604346234979,552604346306854,552604346568781,552604352319927,552604360374770,22500,221875,552604360374770,552604352865447,552604372208989,552604352319927,
0,21227277,552604348048046,552604348048046,0,552604349003833,552604349009406,552604350523572,552604350744822,552604376230415,552604348935291,8260394,552604353651750,552604353736177,552604353962531,552604358570135,552604367946281,21823,1550468,552604367946281,552604360513989,552604380434614,552604358570135,
0,21227285,552604356308440,552604364568834,0,552604365073416,552604365077687,552604365700968,552604365827114,552604384490809,552604364794562,8260394,552604367921697,552604368158468,552604368394250,552604373111958,552604379984718,23229,200625,552604379984718,552604373621489,552604388535447,552604373111958,
0,21227294,552604372809286,552604372809286,0,552604373460812,552604373466802,552604374311489,552604374443833,552604392751203,552604373400864,8258929,552604376182531,552604376240760,552604376455239,552604381863364,552604389818885,23437,151979,552604389818885,552604382272010,552604396793260,552604381863364,
0,21227302,552604381099922,552604381099922,0,552604381801750,552604381807739,552604382904979,552604383160812,552604401010132,552604381734562,8260232,552604385676958,552604385772375,552604385962687,552604391327479,552604398812322,30677,202083,552604398812322,552604391770083,552604405034197,552604391327479,
0,21227310,552604389393052,552604389393052,0,552604390451541,552604390457791,552604391401697,552604391571281,552604409270364,552604390383833,8262168,552604393667166,552604393740968,552604393985239,552604398698729,552604406491802,29219,231615,552604406491802,552604399242322,552604413300656,552604398698729,
0,21227318,552604397639102,552604397639102,0,552604398378937,552604398388729,552604402938468,552604403097166,552604417532532,552604398314093,8261325,552604407055968,552604407174093,552604407382583,552604413326802,552604418369093,33489,238750,552604418369093,552604413886437,552603248521958,552604413326802,
0,21227326,552604405909374,552604405909374,0,552604409535760,552604409540447,552604410346750,552604410458260,552604434089743,552604409477479,8262662,552604412396333,552604414021020,552604414206020,552604419752895,552604427633781,16667,221198,552604427633781,552604420529250,552603273324094,552604419752895,
0,21227333,552604414149793,552604414149793,0,552604421566437,552604421570135,552604422363989,552604422497687,552604442352405,552604421519875,8261374,552604425417322,552604425496177,552604425667062,552604431797843,552604440137479,23437,233281,552604440137479,552604432499979,552603281566229,552604431797843,
0,21227341,552604422411167,552604422411167,0,552604430628520,552604430633156,552604431254458,552604431359927,552604434077833,552604430573572,8261374,552604433091854,552604433156437,552604433350083,552604439327739,552603275236385,17709,551823,552603275236385,552604440342427,552603289811698,552604439327739,
---PROFILEDATA---


View hierarchy:

  com.paifa.ubikitouch/com.paifa.ubikitouch.app.MainActivity/android.view.ViewRootImpl@875f473
  10 views, 19.06 kB of render nodes

  /android.view.ViewRootImpl@934d9ad
  3 views, 4.34 kB of render nodes


Total ViewRootImpl   : 2
Total attached Views : 13
Total RenderNode     : 23.40 kB (used) / 67.04 kB (capacity)

